lr,train/loss,train/color_loss,train/normal_loss,train/mask_error,train/psnr,train/s_val,epoch,created_at,val/loss,val/psnr
5.00E-05,0.82355243,0.633894145,0.001127488,0.188530803,11.513937,0.050061312,0,43:53.2,,
5.00E-05,0.750403285,0.563192606,0.000822298,0.186388373,12.76318073,0.050349496,0,44:15.8,,
5.00E-05,0.698437214,0.522395015,0.001327992,0.174714193,13.42108917,0.051795401,0,44:38.3,,
5.00E-05,0.707785964,0.535774231,0.00160826,0.17040351,13.31275368,0.052531879,0,45:00.9,,
5.00E-05,0.684549332,0.521147132,0.00201445,0.161387771,13.49427414,0.052567329,0,45:23.5,,
5.00E-05,0.650314212,0.485759556,0.004183121,0.160371527,13.91334438,0.052463587,0,45:46.1,,
5.00E-05,0.637395144,0.476845264,0.002594523,0.157955363,13.7677784,0.052664351,0,46:08.7,,
5.00E-05,0.60142076,0.439111233,0.002263431,0.160046086,14.44068432,0.05261698,0,46:31.3,,
5.00E-05,0.568480968,0.411311537,0.002157222,0.15501225,14.91149044,0.052425664,0,46:53.9,,
5.00E-05,0.559731543,0.400342166,0.002240248,0.157149121,15.16958618,0.052227702,0,47:16.5,,
5.00E-05,0.543130219,0.379737079,0.002188359,0.1612048,15.60500526,0.052010383,0,47:39.0,,
5.00E-05,0.509892702,0.359802008,0.002545667,0.147545055,15.78931999,0.051832892,0,48:01.6,,
5.00E-05,0.517136216,0.35476017,0.002373186,0.160002872,15.85015774,0.051669691,0,48:24.2,,
5.00E-05,0.501151443,0.338773221,0.002576596,0.159801617,16.17639732,0.051581401,0,48:46.8,,
5.00E-05,0.481296837,0.318282574,0.002754719,0.160259545,16.78530121,0.051528923,0,49:09.4,,
5.00E-05,0.460091084,0.303496569,0.002695303,0.153899223,16.95251274,0.051455215,0,49:31.9,,
5.00E-05,0.452907145,0.299727231,0.00296411,0.150215819,16.93331909,0.051391061,0,49:54.6,,
5.00E-05,0.451510936,0.287458837,0.00297659,0.161075503,17.34134483,0.051407073,0,50:17.1,,
5.00E-05,0.434446692,0.27676481,0.002996598,0.154685274,17.35942078,0.051446114,0,50:39.8,,
5.00E-05,0.435244143,0.273345917,0.00285309,0.159045145,17.52451706,0.05137815,0,51:02.4,,
5.00E-05,0.424132138,0.266275525,0.0028984,0.154958218,17.55352592,0.051377047,0,51:25.1,,
5.00E-05,0.420331866,0.26841712,0.002873768,0.149040967,17.59036636,0.05140803,0,51:47.7,,
5.00E-05,0.432492673,0.267448217,0.002918417,0.162126049,17.63433647,0.051414546,0,52:10.3,,
5.00E-05,0.42817688,0.266464293,0.002996891,0.15871571,17.54581261,0.051447399,0,52:32.9,,
5.00E-05,0.420586467,0.262324333,0.003213803,0.155048355,17.58934784,0.051499184,0,52:55.5,,
5.00E-05,0.418205202,0.25699535,0.002975164,0.158234671,17.63056564,0.051586911,0,53:18.0,,
5.00E-05,0.429463744,0.264093935,0.002784036,0.16258578,17.84267807,0.051626075,0,53:40.7,,
5.00E-05,0.415839493,0.262592196,0.003114303,0.150132999,17.5215435,0.051673286,0,54:03.3,,
5.00E-05,0.415554941,0.257069588,0.002898484,0.155586854,17.68387222,0.051845118,0,54:25.9,,
5.00E-05,0.422928214,0.249556184,0.002959905,0.170412108,17.8133564,0.051902253,0,54:48.5,,
5.00E-05,0.408180475,0.248382136,0.002795462,0.157002851,17.71463776,0.051985536,0,55:11.1,,
5.00E-05,0.403384447,0.246234491,0.002881984,0.154267982,18.04527092,0.052052274,0,55:33.7,,
5.00E-05,0.406038523,0.235809699,0.002625154,0.167603657,18.20747185,0.05203237,0,55:56.4,,
5.00E-05,0.411770761,0.242864743,0.002712826,0.166193172,18.18570137,0.052060716,0,56:19.0,,
5.00E-05,0.415394425,0.238686338,0.002583986,0.174124122,18.16519737,0.052053906,0,56:41.7,,
5.00E-05,0.39585492,0.241570935,0.002385254,0.151898727,17.96235657,0.052156173,0,57:04.3,,
5.00E-05,0.40758574,0.240223542,0.00250571,0.164856508,18.08351326,0.05222379,0,57:29.1,,
5.00E-05,0.382650912,0.221817717,0.002717762,0.158115417,18.79201889,0.052415889,0,57:51.7,,
5.00E-05,0.380177677,0.231932014,0.002429438,0.145816237,18.10414886,0.052546371,0,58:14.4,,
5.00E-05,0.401299655,0.241984367,0.002625162,0.156690106,17.89059067,0.052611355,0,58:37.0,,
5.00E-05,0.373517513,0.227542907,0.002572957,0.143401667,18.50650406,0.052780364,0,59:00.0,,
5.00E-05,0.385269433,0.226662979,0.002422116,0.156184345,18.46656609,0.052907523,0,59:22.6,,
5.00E-05,0.383199543,0.223846316,0.002391613,0.15696162,18.49988174,0.053112105,0,59:45.2,,
5.00E-05,0.405058652,0.241007388,0.002492053,0.161559209,18.2263546,0.053196523,0,00:07.9,,
5.00E-05,0.397573471,0.238019049,0.002355265,0.157199144,18.04118919,0.0532257,0,00:30.4,,
5.00E-05,0.368940532,0.219216362,0.002376969,0.147347212,18.57858467,0.053198323,0,00:53.1,,
5.00E-05,0.379551798,0.221775696,0.002324523,0.155451581,18.86113739,0.053337321,0,01:15.7,,
5.00E-05,0.374052197,0.215363488,0.002081212,0.156607494,19.13380623,0.053409886,0,01:38.4,,
5.00E-05,0.370364606,0.214224964,0.002331903,0.153807744,19.16092873,0.05356025,0,02:01.1,,
5.00E-05,0.39285329,0.22828421,0.002295818,0.162273258,18.22801399,0.053741489,0,02:23.7,,
5.00E-05,0.386594862,0.222746968,0.00237382,0.161474079,18.85446739,0.053792246,0,02:46.3,,
5.00E-05,0.377545267,0.221865997,0.002336128,0.153343141,18.67965698,0.053794194,0,03:08.9,,
5.00E-05,0.372943491,0.210226163,0.002151618,0.160565704,19.13681412,0.053829167,0,03:31.6,,
5.00E-05,0.395222783,0.23368147,0.00209704,0.159444287,17.91996956,0.053918857,0,03:54.1,,
5.00E-05,0.361654252,0.209589988,0.002148114,0.149916157,19.21581268,0.053968761,0,04:16.7,,
5.00E-05,0.378391534,0.217696398,0.002345548,0.158349589,18.72888756,0.054141261,0,04:39.3,,
5.00E-05,0.371988535,0.216442823,0.002231818,0.15331389,18.46255875,0.054164514,0,05:02.0,,
5.00E-05,0.383023381,0.219780803,0.002246498,0.160996065,18.7769928,0.054149084,0,05:24.6,,
5.00E-05,0.392720371,0.230378047,0.002308397,0.160033926,17.8325634,0.054175712,0,05:47.2,,
5.00E-05,0.378944248,0.215124935,0.002360794,0.161458522,18.68783569,0.054321695,0,06:09.8,,
5.00E-05,0.373286068,0.210155442,0.002163694,0.160966918,19.02171326,0.054501072,0,06:32.5,,
5.00E-05,0.383562446,0.227580175,0.002283356,0.153698921,18.08048058,0.054666888,0,06:55.0,,
5.00E-05,0.370911837,0.208414599,0.001992131,0.160505086,18.93537712,0.054660011,0,07:17.6,,
5.00E-05,0.367100656,0.208918765,0.002393287,0.1557886,19.2055397,0.054571308,0,07:40.2,,
5.00E-05,0.380671859,0.21325165,0.002093528,0.16532667,18.76010513,0.054786626,0,08:02.8,,
5.00E-05,0.370438159,0.203677014,0.002030883,0.164730266,19.20584106,0.054807287,0,08:25.4,,
5.00E-05,0.354739428,0.204260007,0.002165978,0.148313433,19.12111092,0.054866441,0,08:48.0,,
5.00E-05,0.395149499,0.230283409,0.002059294,0.162806794,18.7142067,0.055032019,0,09:10.7,,
5.00E-05,0.356068492,0.203464851,0.002066763,0.15053688,19.07781792,0.055045534,0,09:33.3,,
5.00E-05,0.361349285,0.206417397,0.001996199,0.152935684,19.33636093,0.055093184,0,09:55.9,,
5.00E-05,0.373856604,0.213190034,0.001984585,0.158681974,18.95691299,0.055082336,0,10:18.6,,
5.00E-05,0.380573511,0.220147178,0.002043802,0.15838252,18.63036728,0.055074271,0,10:41.1,,
5.00E-05,0.359475195,0.198657617,0.001968361,0.15884921,19.21089554,0.055159662,0,11:03.7,,
5.00E-05,0.373057455,0.209049359,0.002191693,0.161816403,19.03186798,0.055294137,0,11:28.4,,
5.00E-05,0.364146829,0.206445351,0.001939693,0.155761763,18.99532318,0.05542944,0,11:51.1,,
5.00E-05,0.371453524,0.21862483,0.002155852,0.150672838,18.50050926,0.055618215,0,12:13.6,,
5.00E-05,0.381319106,0.217449293,0.002165705,0.161704108,18.4748497,0.055677399,0,12:36.2,,
5.00E-05,0.371467471,0.207903698,0.002418862,0.161144897,18.73683167,0.055791505,0,12:58.8,,
5.00E-05,0.351190507,0.199112192,0.001956424,0.150121912,19.09972954,0.055843182,0,13:21.5,,
5.00E-05,0.371300459,0.208066329,0.002000734,0.16123341,18.810709,0.056003951,0,13:44.1,,
5.00E-05,0.360401064,0.19112511,0.002059987,0.167215973,19.56932259,0.056106575,0,14:07.0,,
5.00E-05,0.373817146,0.207284182,0.002060353,0.164472595,19.04138947,0.0561096,0,14:29.6,,
5.00E-05,0.357199967,0.203846827,0.002012712,0.15134041,18.75596046,0.056075849,0,14:52.2,,
5.00E-05,0.369166464,0.2078062,0.002139706,0.159220561,19.0234375,0.056084219,0,15:14.8,,
5.00E-05,0.371789813,0.205931023,0.002084591,0.163774177,18.89982033,0.056189332,0,15:37.5,,
5.00E-05,0.355996668,0.197859615,0.002031996,0.156105071,19.46343613,0.056500051,0,16:00.1,,
5.00E-05,0.373813212,0.203888804,0.002024338,0.167900085,19.08520126,0.056616075,0,16:22.7,,
5.00E-05,0.350410789,0.193176761,0.002134971,0.155099064,19.30306816,0.05685946,0,16:45.3,,
5.00E-05,0.370767057,0.203462914,0.002098311,0.165205821,19.06072235,0.056963652,0,17:07.9,,
5.00E-05,0.390076339,0.216410115,0.001905533,0.171760678,18.38876915,0.056965567,0,17:30.5,,
5.00E-05,0.345919549,0.193120748,0.002191493,0.150607288,19.51032829,0.056984439,0,17:53.2,,
5.00E-05,0.360755682,0.194452673,0.002144144,0.164158851,19.34042358,0.057151366,0,18:15.7,,
5.00E-05,0.352646947,0.208344445,0.002070138,0.142232373,18.87068558,0.057291582,0,18:38.3,,
5.00E-05,0.350292057,0.191713452,0.002210358,0.156368241,19.72581673,0.057280894,0,19:00.9,,
5.00E-05,0.3575055,0.194835067,0.001976142,0.160694301,19.26693344,0.057431754,0,19:23.6,,
5.00E-05,0.380816579,0.208775699,0.002034587,0.170006305,18.67675591,0.057513788,0,19:46.3,,
5.00E-05,0.360102177,0.200116426,0.001933199,0.158052549,19.16742325,0.057720259,0,20:08.9,,
5.00E-05,0.361035824,0.201427221,0.001818627,0.157789961,19.27231598,0.05788298,0,20:31.5,,
5.00E-05,0.362480015,0.194789186,0.002006416,0.165684417,19.749897,0.057890516,0,20:54.2,,
5.00E-05,0.355761409,0.197247297,0.002005049,0.156509042,19.21705818,0.057827283,0,21:26.0,,
5.00E-05,0.363532543,0.196620598,0.002515678,0.164396271,19.36773682,0.056901496,0,21:56.8,,
5.00E-05,0.351474404,0.195895851,0.002062809,0.153515741,19.40841866,0.055896781,0,22:27.2,,
5.00E-05,0.35703826,0.190400019,0.002254167,0.164384067,19.31141281,0.055374596,0,22:57.7,,
5.00E-05,0.358105063,0.199647054,0.002041345,0.156416684,19.08545685,0.054775462,0,23:28.2,,
5.00E-05,0.351035476,0.193362668,0.002183914,0.155488878,19.2442627,0.054310728,0,23:58.7,,
5.00E-05,0.364620954,0.199242562,0.001873917,0.163504481,18.72242355,0.053789139,0,24:29.1,,
5.00E-05,0.349990189,0.189991653,0.002253192,0.157745346,19.53819084,0.0533357,0,24:59.6,,
5.00E-05,0.345699012,0.18010135,0.001912415,0.163685247,20.0128212,0.052983694,0,25:30.2,,
5.00E-05,0.339280725,0.183166355,0.001836141,0.154278219,19.93781471,0.052788176,0,26:00.6,,
5.00E-05,0.337908804,0.182966724,0.001834194,0.153107867,19.68972778,0.052362267,0,26:31.0,,
5.00E-05,0.347716689,0.199029401,0.001810712,0.146876588,19.10831451,0.051966511,0,27:03.7,,
5.00E-05,0.350455225,0.189111233,0.001855563,0.15948844,19.61592293,0.051661436,0,27:34.2,,
5.00E-05,0.351673126,0.185385823,0.001995441,0.164291859,19.7912426,0.051349871,0,28:04.7,,
5.00E-05,0.340707064,0.184895813,0.001722184,0.154089063,19.57154846,0.051052231,0,28:35.1,,
5.00E-05,0.345011204,0.183017835,0.001995947,0.159997419,19.60228729,0.050806616,0,29:05.5,,
5.00E-05,0.359708935,0.188785613,0.001634218,0.169289097,19.33234406,0.050555378,0,29:36.0,,
5.00E-05,0.354086101,0.189647645,0.001930253,0.162508205,19.45827293,0.050239567,0,30:06.5,,
5.00E-05,0.355992556,0.186918914,0.001813602,0.167260036,19.5144825,0.050234266,0,30:37.1,,
5.00E-05,0.338580787,0.186897188,0.001716733,0.149966881,19.58523178,0.050019562,0,31:07.5,,
5.00E-05,0.337681383,0.184727043,0.00170539,0.151248947,19.59193611,0.04982654,0,31:38.0,,
5.00E-05,0.341471553,0.179870814,0.00194137,0.159659386,19.89088631,0.049712025,0,32:08.8,,
5.00E-05,0.329341233,0.179792359,0.001722438,0.147826448,20.11297417,0.049616821,0,32:39.2,,
5.00E-05,0.345980734,0.180379048,0.001750589,0.163851097,20.07689667,0.049388308,0,33:09.7,,
5.00E-05,0.320066482,0.167618185,0.001884633,0.150563657,20.72357559,0.049094465,0,33:40.1,,
5.00E-05,0.352198422,0.19220309,0.001770957,0.158224374,19.3103199,0.049109008,0,34:10.6,,
5.00E-05,0.333220214,0.17638728,0.001753623,0.155079305,19.65900612,0.049013577,0,34:41.1,,
5.00E-05,0.356260419,0.180254236,0.00170602,0.174300179,19.93307877,0.048838142,0,35:11.6,,
5.00E-05,0.344595999,0.186335549,0.001974387,0.156286061,19.33024216,0.048650824,0,35:42.1,,
5.00E-05,0.345285952,0.175034538,0.001735616,0.168515787,19.92472076,0.04855644,0,36:12.5,,
5.00E-05,0.350798428,0.180999503,0.00181862,0.167980298,19.65274048,0.048372865,0,36:42.9,,
5.00E-05,0.331581384,0.181329906,0.001678987,0.14857249,19.70713234,0.048159711,0,37:13.4,,
5.00E-05,0.358539462,0.19207412,0.00186236,0.16460298,19.0750618,0.048037127,0,37:43.9,,
5.00E-05,0.340074122,0.17943655,0.001777648,0.158859923,20.01988983,0.047876898,0,38:14.4,,
5.00E-05,0.349008203,0.184042215,0.001680202,0.163285792,19.40128517,0.047804266,0,38:44.8,,
5.00E-05,0.335278273,0.176726609,0.002045493,0.156506151,19.7638073,0.04760028,0,39:15.3,,
5.00E-05,0.333961993,0.177569687,0.001770818,0.154621482,19.86252022,0.047629386,0,39:45.8,,
5.00E-05,0.354082882,0.188436761,0.001476356,0.164169744,19.62476921,0.047590826,0,40:16.3,,
5.00E-05,0.345225155,0.186419457,0.00182035,0.156985328,19.29299545,0.047435485,0,40:46.7,,
5.00E-05,0.331231415,0.174918205,0.001575938,0.154737264,20.46646309,0.047365997,0,41:17.2,,
5.00E-05,0.336818695,0.175430283,0.001800098,0.159588322,20.2098732,0.047248691,0,41:47.7,,
5.00E-05,0.339606225,0.182258248,0.001671976,0.155676022,19.65211868,0.047081828,0,42:18.1,,
5.00E-05,0.338154078,0.17638956,0.001813786,0.159950733,19.9728756,0.046959814,0,42:48.6,,
5.00E-05,0.337547332,0.17723538,0.001651309,0.15866065,20.00468063,0.046773467,0,43:19.1,,
5.00E-05,0.331417441,0.172909483,0.001689231,0.156818733,19.88661575,0.046589084,0,43:49.6,,
5.00E-05,0.349872828,0.175753549,0.001659753,0.172459528,19.84170341,0.046630777,0,44:20.0,,
5.00E-05,0.343075573,0.186222345,0.001582441,0.15527077,19.33587646,0.046533566,0,44:50.4,,
5.00E-05,0.354882002,0.175502717,0.001591099,0.177788183,19.81885338,0.046361376,0,45:20.9,,
5.00E-05,0.336801738,0.175633773,0.001618868,0.159549102,19.85354424,0.046319798,0,45:53.4,,
5.00E-05,0.347437143,0.182868436,0.001719903,0.162848815,19.29836082,0.046383619,0,46:23.9,,
5.00E-05,0.336803615,0.171531081,0.001648951,0.163623601,20.07671547,0.046284098,0,46:54.3,,
5.00E-05,0.349508762,0.179197952,0.00166311,0.168647721,19.82826233,0.046176817,0,47:24.9,,
5.00E-05,0.322223514,0.171476081,0.001645189,0.149102241,20.14454651,0.046090588,0,47:55.4,,
5.00E-05,0.326074779,0.17271024,0.001656201,0.15170835,20.38312149,0.045987014,0,48:25.9,,
5.00E-05,0.334167361,0.173145771,0.001627853,0.159393743,20.05764961,0.046008639,0,48:56.3,,
5.00E-05,0.332491636,0.176765606,0.001684218,0.154041827,19.79143524,0.045851249,0,49:26.9,,
5.00E-05,0.33471027,0.178290337,0.001681279,0.15473865,19.73431778,0.045865133,0,49:57.4,,
5.00E-05,0.337860942,0.178550944,0.001639334,0.157670677,19.47839355,0.045826659,0,50:27.9,,
5.00E-05,0.334826469,0.17102921,0.001783425,0.162013844,19.99984932,0.045776259,0,50:58.2,,
5.00E-05,0.349781275,0.184254557,0.001778046,0.163748667,19.48208618,0.045632187,0,51:28.7,,
5.00E-05,0.35334301,0.185823962,0.001730388,0.16578868,19.51044846,0.045721058,0,51:59.0,,
5.00E-05,0.333291382,0.163450897,0.001398688,0.168441802,20.78022194,0.04556524,0,52:29.8,,
5.00E-05,0.336712599,0.170043126,0.001499616,0.165169835,20.06715393,0.045372624,0,53:00.3,,
5.00E-05,0.317574203,0.167871222,0.00145576,0.148247212,20.65108871,0.045320608,0,53:30.8,,
5.00E-05,0.331067741,0.176811069,0.001615034,0.152641654,19.65308762,0.045140307,0,54:01.3,,
5.00E-05,0.329063058,0.165241241,0.00183703,0.161984786,20.41505432,0.044925347,0,54:31.8,,
5.00E-05,0.345227242,0.174379468,0.00170708,0.169140682,19.77505875,0.044834834,0,55:02.2,,
5.00E-05,0.329482138,0.170419514,0.001860891,0.157201752,20.23507881,0.04465124,0,55:32.8,,
5.00E-05,0.345177174,0.166729063,0.001512193,0.176935926,20.21036911,0.0445983,0,56:03.2,,
5.00E-05,0.321705967,0.167730436,0.001523161,0.152452365,19.78209877,0.044475511,0,56:33.6,,
5.00E-05,0.338576436,0.171394572,0.001794379,0.165387481,19.96534729,0.044359114,0,57:04.1,,
5.00E-05,0.320023954,0.162976846,0.001620195,0.155426905,20.62352753,0.044273425,0,57:34.5,,
5.00E-05,0.333789885,0.17331779,0.00159158,0.158880517,19.79969406,0.044256225,0,58:05.0,,
5.00E-05,0.32091859,0.16905354,0.001471494,0.150393561,20.46175003,0.044186749,0,58:35.6,,
5.00E-05,0.32350266,0.160701022,0.00138641,0.161415234,20.75788689,0.044033412,0,59:06.0,,
5.00E-05,0.340488911,0.176904634,0.0016883,0.16189599,19.66706467,0.043987475,0,59:36.5,,
5.00E-05,0.327964902,0.169471338,0.001560722,0.156932846,20.20788002,0.044086292,0,00:07.0,,
5.00E-05,0.329321444,0.167679548,0.001477196,0.160164699,20.16521835,0.044154014,0,00:37.4,,
5.00E-05,0.326860845,0.171084791,0.001573328,0.154202744,20.18061066,0.044044867,0,01:07.9,,
5.00E-05,0.332206249,0.168795481,0.001705619,0.161705166,20.14604568,0.043957133,0,01:38.4,,
5.00E-05,0.323027164,0.15999268,0.001519401,0.161515087,20.81961441,0.043908868,0,02:08.9,,
5.00E-05,0.331761301,0.164380237,0.001641361,0.165739715,20.60468483,0.04370445,0,02:39.3,,
5.00E-05,0.323746443,0.169333115,0.001662528,0.15275082,20.35338593,0.043652289,0,03:09.7,,
5.00E-05,0.341925323,0.168907881,0.001432378,0.171585068,20.34415436,0.043518953,0,03:40.3,,
5.00E-05,0.342043281,0.17274636,0.001498936,0.167797968,20.14048576,0.043450136,0,04:10.8,,
5.00E-05,0.329854339,0.170291916,0.001650606,0.157911822,20.0862484,0.043319441,0,04:43.5,,
5.00E-05,0.329757154,0.170826808,0.001622805,0.157307535,19.67777634,0.043160032,0,05:13.9,,
5.00E-05,0.322078109,0.166107088,0.001501621,0.154469401,20.19176674,0.043053314,0,05:44.4,,
5.00E-05,0.326893717,0.164324954,0.001564358,0.161004409,20.33159637,0.042916711,0,06:14.9,,
5.00E-05,0.331096053,0.165738538,0.001654936,0.163702592,20.09762955,0.042817563,0,06:45.3,,
5.00E-05,0.321427912,0.158110529,0.00136358,0.161953807,20.74588013,0.042767655,0,07:15.7,,
5.00E-05,0.329494894,0.168559313,0.001753001,0.159182578,20.15128326,0.042611055,0,07:46.1,,
5.00E-05,0.325135291,0.160782635,0.001637591,0.162715062,20.45675278,0.042551622,0,08:16.5,,
5.00E-05,0.329562873,0.167238235,0.001535393,0.160789251,20.00526237,0.042511053,0,08:47.0,,
5.00E-05,0.328242213,0.161778808,0.001514821,0.164948583,20.40795898,0.042400911,0,09:17.5,,
5.00E-05,0.309960127,0.162085399,0.00157896,0.146295756,20.42491531,0.04230997,0,09:47.9,,
5.00E-05,0.324621171,0.17028144,0.001642661,0.152697071,19.54458618,0.042136248,0,10:18.3,,
5.00E-05,0.320283592,0.162576497,0.001708699,0.155998379,20.5498867,0.042070173,0,10:48.7,,
5.00E-05,0.31614095,0.158835158,0.001716412,0.155589402,20.88926506,0.042084649,0,11:19.2,,
5.00E-05,0.331580758,0.162225038,0.001571851,0.167783871,20.55888748,0.042043019,0,11:49.8,,
5.00E-05,0.327085525,0.164946914,0.001759819,0.160378799,20.58803368,0.041916639,0,12:29.3,,
,,,,,,,0,12:51.0,1.091825247,12.53398132
5.00E-05,0.332238644,0.172741294,0.001552876,0.157944471,20.01118469,0.042037047,0,13:22.2,,
5.00E-05,0.332361907,0.171095252,0.001331421,0.159935236,19.94614983,0.04205149,0,13:52.6,,
5.00E-05,0.343611836,0.172773048,0.001347344,0.169491455,19.8113842,0.042155545,0,14:23.2,,
5.00E-05,0.333979428,0.164699435,0.001665617,0.167614385,20.62465286,0.042205557,0,14:53.5,,
5.00E-05,0.331783205,0.16633217,0.001648342,0.163802698,19.95617485,0.042204965,0,15:24.0,,
5.00E-05,0.310914159,0.159664676,0.001444339,0.149805158,20.44723129,0.042224754,0,15:54.3,,
5.00E-05,0.341022849,0.165905505,0.001474002,0.173643336,20.30033493,0.042106207,0,16:24.7,,
5.00E-05,0.324388653,0.163253769,0.001611587,0.159523293,20.59480476,0.042000111,0,16:55.2,,
5.00E-05,0.328213215,0.163330972,0.001176694,0.163705528,20.32112122,0.041930191,0,17:25.6,,
5.00E-05,0.323049277,0.161531508,0.001350825,0.160166949,20.59216309,0.041860532,0,17:56.1,,
5.00E-05,0.309631824,0.163118809,0.001335072,0.14517796,20.42888641,0.041920535,0,18:26.6,,
5.00E-05,0.317033261,0.157864481,0.001379432,0.15778935,20.97330475,0.0418371,0,18:57.0,,
5.00E-05,0.313995034,0.162865549,0.001447034,0.149682447,19.99058533,0.041720007,0,19:27.5,,
5.00E-05,0.319856405,0.158511356,0.001386295,0.15995875,20.75606155,0.041734811,0,19:58.0,,
5.00E-05,0.32619372,0.167225599,0.001335273,0.157632843,20.11488724,0.041668642,0,20:28.5,,
5.00E-05,0.342099667,0.163778767,0.001494476,0.176826403,20.38069725,0.041558426,0,20:59.0,,
5.00E-05,0.323152602,0.165797606,0.001469994,0.155884996,20.24020958,0.041661542,0,21:29.4,,
5.00E-05,0.347073168,0.171048388,0.001641464,0.174383312,19.80976295,0.041670259,0,21:59.9,,
5.00E-05,0.323186874,0.171480209,0.001364826,0.150341824,19.82825661,0.04168478,0,22:30.4,,
5.00E-05,0.321074307,0.157101348,0.001369426,0.162603512,20.82770348,0.041649781,0,23:00.8,,
5.00E-05,0.313785106,0.160330713,0.001290032,0.152164355,20.80078506,0.041512161,0,23:33.6,,
5.00E-05,0.328377306,0.159378171,0.001489131,0.167509988,20.5990963,0.041436072,0,24:03.9,,
5.00E-05,0.330432743,0.169525951,0.001435291,0.159471497,19.80128288,0.041393038,0,24:34.4,,
5.00E-05,0.319255501,0.160950735,0.001293244,0.157011524,20.40362549,0.041329432,0,25:04.9,,
5.00E-05,0.318980277,0.161476642,0.001375785,0.156127855,20.56258965,0.041359942,0,25:35.4,,
5.00E-05,0.317128837,0.161674783,0.00130979,0.154144242,20.71306419,0.041264817,0,26:05.9,,
5.00E-05,0.328109056,0.165202916,0.001264003,0.161642134,20.34984398,0.041254032,0,26:36.4,,
5.00E-05,0.322274983,0.167848587,0.001362574,0.153063819,19.56937981,0.041194364,0,27:06.9,,
5.00E-05,0.314527303,0.162749678,0.001484123,0.150293499,19.95487022,0.0412779,0,27:37.3,,
5.00E-05,0.31896323,0.16041097,0.001476784,0.15707548,20.45378876,0.0412466,0,28:07.7,,
5.00E-05,0.308954358,0.151395634,0.001409959,0.156148762,21.14549255,0.041190483,0,28:38.2,,
5.00E-05,0.318125993,0.157445997,0.001403902,0.159276098,20.75258255,0.041046031,0,29:08.7,,
5.00E-05,0.327992976,0.159278825,0.001271369,0.167442784,20.22750854,0.040944673,0,29:39.2,,
5.00E-05,0.310147882,0.150390908,0.001339208,0.158417746,21.21808815,0.040933646,0,30:09.6,,
5.00E-05,0.326864153,0.159626722,0.001150578,0.166086853,20.42990112,0.040871534,0,30:40.1,,
5.00E-05,0.323358059,0.158464417,0.001437782,0.163455844,20.72252274,0.040764503,0,31:10.4,,
5.00E-05,0.314581513,0.15709649,0.001627307,0.155857727,20.7894783,0.040615462,0,31:40.9,,
5.00E-05,0.304694414,0.146628633,0.001321912,0.156743884,21.21802139,0.040598795,0,32:11.4,,
5.00E-05,0.330580294,0.161143154,0.001512554,0.167924568,20.21195984,0.040595464,0,32:41.9,,
5.00E-05,0.327918082,0.159559578,0.001357335,0.167001173,20.4392128,0.040471572,0,33:12.4,,
5.00E-05,0.326600909,0.169788063,0.00144353,0.155369326,19.80786133,0.040477023,0,33:43.2,,
5.00E-05,0.316686273,0.15976496,0.001442686,0.155478641,20.4078331,0.040545899,0,34:13.6,,
5.00E-05,0.310244858,0.153155461,0.001233035,0.155856356,20.71651268,0.040492065,0,34:44.1,,
5.00E-05,0.320109665,0.161141098,0.001260949,0.157707632,20.35688591,0.040363606,0,35:14.4,,
5.00E-05,0.32879436,0.163884819,0.001425041,0.163484499,20.3039093,0.040292196,0,35:44.9,,
5.00E-05,0.318020523,0.153938174,0.001498497,0.162583873,21.02239799,0.040234294,0,36:15.3,,
5.00E-05,0.31029135,0.153228655,0.00120132,0.155861378,21.07482719,0.040168758,0,36:45.9,,
5.00E-05,0.325196385,0.15954943,0.001510856,0.164136082,20.20795059,0.040061116,0,37:16.3,,
5.00E-05,0.325331151,0.170570791,0.001589374,0.153170988,20.03259277,0.040091835,0,37:46.8,,
5.00E-05,0.314331859,0.147226915,0.001279924,0.165825024,21.34675789,0.039995957,0,38:17.2,,
5.00E-05,0.321487904,0.160924435,0.001550205,0.159013286,20.60926247,0.039948087,0,38:47.7,,
5.00E-05,0.320281774,0.165658787,0.001395346,0.153227642,19.99132156,0.039846968,0,39:18.1,,
5.00E-05,0.328079551,0.155472696,0.001297997,0.17130886,20.49766731,0.039837141,0,39:48.5,,
5.00E-05,0.31366384,0.152191415,0.001328279,0.160144165,20.62232208,0.039774887,0,40:19.0,,
5.00E-05,0.300938487,0.144803345,0.001305965,0.154829159,21.30170059,0.039724685,0,40:49.4,,
5.00E-05,0.313258111,0.154067516,0.001363928,0.157826647,20.68002701,0.039695349,0,41:19.8,,
5.00E-05,0.313874006,0.153394848,0.001242537,0.15923661,20.85614967,0.039717324,0,41:50.2,,
5.00E-05,0.33097589,0.157059893,0.001339692,0.172576308,20.85986328,0.039614428,0,42:22.9,,
5.00E-05,0.325778008,0.15253818,0.001444957,0.171794891,21.03981972,0.039645337,0,42:53.4,,
5.00E-05,0.320319533,0.158266619,0.001660598,0.160392299,20.31789017,0.039525803,0,43:23.8,,
5.00E-05,0.309162378,0.150145903,0.001459314,0.157557175,21.19046211,0.039589871,0,43:54.3,,
5.00E-05,0.306285024,0.153781071,0.001315261,0.151188686,20.57262039,0.03958464,0,44:24.7,,
5.00E-05,0.317230225,0.161112845,0.001532636,0.154584736,20.25625992,0.039605249,0,44:55.2,,
5.00E-05,0.303780317,0.145391896,0.001409381,0.156979024,21.05820465,0.039560996,0,45:25.6,,
5.00E-05,0.307525396,0.161083803,0.001440851,0.145000741,20.22885132,0.039547578,0,45:56.0,,
5.00E-05,0.324528515,0.160048157,0.001345087,0.163135275,20.22003555,0.039489746,0,46:26.5,,
5.00E-05,0.324988961,0.163321435,0.001345783,0.160321727,19.84837914,0.039482132,0,46:57.1,,
5.00E-05,0.331722975,0.162872687,0.001451857,0.167398438,19.8621254,0.039290331,0,47:27.6,,
5.00E-05,0.313986331,0.157126024,0.001338555,0.15552175,20.68602562,0.039224252,0,47:58.2,,
5.00E-05,0.322630227,0.158587649,0.001503046,0.162539542,20.44003677,0.039196637,0,48:28.6,,
5.00E-05,0.308904171,0.144120023,0.001362702,0.163421437,21.1556778,0.039066654,0,48:59.0,,
5.00E-05,0.314821213,0.158592388,0.001382814,0.154846013,20.43777657,0.039070621,0,49:29.4,,
5.00E-05,0.322782576,0.161410287,0.001425833,0.159946457,20.25313568,0.039003342,0,49:59.8,,
5.00E-05,0.318688333,0.153731793,0.00132276,0.163633764,21.13907623,0.038928937,0,50:30.2,,
5.00E-05,0.318529487,0.156926557,0.001464849,0.160138071,20.52757454,0.038913641,0,51:00.6,,
5.00E-05,0.315825105,0.155742615,0.001297889,0.158784583,20.55893898,0.0388042,0,51:30.9,,
5.00E-05,0.309609115,0.154169098,0.001454336,0.153985664,20.71141243,0.038752358,0,52:01.4,,
5.00E-05,0.305670649,0.145866126,0.001315598,0.158488929,21.23613548,0.038634773,0,52:31.8,,
5.00E-05,0.327830195,0.16112119,0.00118086,0.165528148,20.14081192,0.038517479,0,53:02.3,,
5.00E-05,0.30711925,0.154060125,0.001591241,0.151467904,20.73573112,0.038437083,0,53:32.8,,
5.00E-05,0.309389412,0.154603377,0.001344593,0.153441444,20.5155735,0.038460735,0,54:03.6,,
5.00E-05,0.321731657,0.155607954,0.00152148,0.16460222,20.39720535,0.038530644,0,54:34.0,,
5.00E-05,0.318088174,0.153851122,0.001315363,0.162921667,20.4244709,0.038508173,0,55:04.4,,
5.00E-05,0.311214209,0.145184755,0.001453752,0.164575711,20.8844986,0.038475446,0,55:34.9,,
5.00E-05,0.324317098,0.158367515,0.001342757,0.16460681,20.4258461,0.038400441,0,56:05.3,,
5.00E-05,0.33865726,0.151783288,0.001359711,0.185514271,20.28822708,0.038375333,0,56:35.8,,
5.00E-05,0.290099442,0.142834529,0.001441644,0.14582327,21.37695122,0.038237102,0,57:06.3,,
5.00E-05,0.319497347,0.153012425,0.001303998,0.165180922,20.16170311,0.038203053,0,57:36.7,,
5.00E-05,0.32022211,0.150476947,0.001246461,0.168498695,21.07436943,0.038159546,0,58:07.1,,
5.00E-05,0.319132745,0.147432745,0.001446324,0.170253679,20.96780586,0.03821658,0,58:37.6,,
5.00E-05,0.315551013,0.15917328,0.001396433,0.1549813,20.48149109,0.038172197,0,59:08.1,,
5.00E-05,0.313677013,0.154901832,0.001390634,0.15738453,20.41956139,0.038127899,0,59:38.6,,
5.00E-05,0.312220812,0.149564773,0.001797252,0.160858765,20.9484024,0.038070891,0,00:09.2,,
5.00E-05,0.302223921,0.140850157,0.001440241,0.159933522,20.9442215,0.03813149,0,00:39.7,,
5.00E-05,0.301519871,0.14926222,0.001312443,0.150945216,20.67531395,0.038066659,0,01:12.3,,
5.00E-05,0.319247663,0.155492529,0.001428508,0.162326619,20.19161224,0.038009237,0,01:42.7,,
5.00E-05,0.324633896,0.16148816,0.001474895,0.161670834,19.80348206,0.038033497,0,02:13.1,,
5.00E-05,0.301143527,0.147598192,0.001350811,0.152194545,20.85870552,0.037969477,0,02:43.6,,
5.00E-05,0.318189979,0.149460554,0.001237379,0.167492062,21.20243835,0.037850402,0,03:14.2,,
5.00E-05,0.301325619,0.145031497,0.001420064,0.154874071,21.23348236,0.037788816,0,03:53.7,,
5.00E-05,0.321538687,0.152123526,0.001383357,0.168031797,20.40507317,0.037677459,0,04:24.2,,
5.00E-05,0.312317729,0.145087063,0.001357172,0.165873513,21.50561905,0.037521843,0,04:54.7,,
5.00E-05,0.3082591,0.148359865,0.001513959,0.158385277,20.89231682,0.03755885,0,05:25.1,,
5.00E-05,0.309180617,0.145034328,0.001235175,0.162911102,21.09047318,0.037496924,0,05:55.5,,
5.00E-05,0.298521936,0.145515859,0.001580488,0.151425585,20.75702286,0.037497282,0,06:26.1,,
5.00E-05,0.298022747,0.146770582,0.001535135,0.149717018,21.25120354,0.037368864,0,06:56.5,,
5.00E-05,0.315395385,0.143787146,0.001345604,0.170262635,21.27806664,0.037325855,0,07:26.9,,
5.00E-05,0.322784781,0.157781243,0.001522535,0.163481012,19.89563751,0.037336156,0,07:57.3,,
5.00E-05,0.327308476,0.158081725,0.001411621,0.167815149,20.8624115,0.03725585,0,08:27.7,,
5.00E-05,0.308968723,0.147267222,0.00133406,0.160367444,20.75841713,0.037206851,0,08:58.1,,
5.00E-05,0.311529994,0.147074729,0.001272761,0.163182497,20.81425476,0.037102222,0,09:28.5,,
5.00E-05,0.323354095,0.159464911,0.001187926,0.162701264,20.31702805,0.037082344,0,09:58.8,,
5.00E-05,0.322195202,0.156584114,0.001325729,0.164285362,20.81713104,0.037014525,0,10:29.4,,
5.00E-05,0.297674119,0.143189684,0.001494365,0.152990088,21.33989716,0.036935326,0,10:59.9,,
5.00E-05,0.305495679,0.138060048,0.001333544,0.166102096,21.26076889,0.036942169,0,11:30.3,,
5.00E-05,0.288492799,0.142583713,0.001208823,0.144700274,21.38237381,0.036877725,0,12:00.7,,
5.00E-05,0.324015141,0.158955649,0.001369242,0.163690239,20.27589989,0.036857571,0,12:31.2,,
5.00E-05,0.312585473,0.150398538,0.001372846,0.160814092,20.93373489,0.036806758,0,13:01.5,,
5.00E-05,0.318408668,0.15353857,0.001577297,0.163292795,20.3623867,0.036663406,0,13:32.0,,
5.00E-05,0.308887035,0.153234795,0.001422608,0.154229626,20.24724197,0.036742799,0,14:02.5,,
5.00E-05,0.308544159,0.147313029,0.001273647,0.159957469,20.66873741,0.036688313,0,14:33.2,,
5.00E-05,0.31031543,0.144126877,0.00129315,0.1648954,21.26077843,0.036610186,0,15:03.8,,
5.00E-05,0.318255782,0.148327947,0.001353769,0.16857408,20.929739,0.036624417,0,15:34.3,,
5.00E-05,0.31505394,0.151218563,0.001362895,0.162472501,20.70998001,0.036652487,0,16:04.7,,
5.00E-05,0.310070187,0.148899883,0.001307513,0.159862787,20.43545532,0.036612507,0,16:35.2,,
5.00E-05,0.296870589,0.141551688,0.001231149,0.154087767,21.72673798,0.036547512,0,17:05.7,,
5.00E-05,0.313381732,0.152559936,0.001339355,0.159482449,20.78017235,0.036416061,0,17:36.2,,
5.00E-05,0.317257285,0.154005408,0.001309209,0.161942646,20.87599754,0.03638776,0,18:06.7,,
5.00E-05,0.308157384,0.148982733,0.001444545,0.157730103,20.90244102,0.036375701,0,18:37.2,,
5.00E-05,0.320300341,0.155717254,0.001671867,0.162911221,20.59220123,0.03645483,0,19:07.7,,
5.00E-05,0.321413398,0.148705035,0.001301753,0.171406627,20.79636765,0.036386397,0,19:40.3,,
5.00E-05,0.309264868,0.144569829,0.001374976,0.163320065,20.70979881,0.036286451,0,20:10.8,,
5.00E-05,0.311013818,0.144593969,0.001373809,0.165046021,21.33644867,0.03625625,0,20:41.3,,
5.00E-05,0.304009914,0.147261769,0.00134155,0.155406579,20.8501091,0.036287617,0,21:11.8,,
5.00E-05,0.320356399,0.138436794,0.001501323,0.180418283,21.68060684,0.036266431,0,21:42.4,,
5.00E-05,0.304694414,0.144483864,0.001433866,0.158776686,21.15289688,0.036220156,0,22:12.8,,
5.00E-05,0.305560529,0.146386474,0.001409379,0.157764658,20.96864319,0.036139902,0,22:43.3,,
5.00E-05,0.303564489,0.148151264,0.001287679,0.154125556,20.61253357,0.036157575,0,23:13.7,,
5.00E-05,0.310614228,0.143731102,0.001333037,0.165550083,20.55735397,0.036075894,0,23:44.2,,
5.00E-05,0.304153264,0.141324565,0.00128584,0.161542848,21.34441757,0.036028538,0,24:14.6,,
5.00E-05,0.321810007,0.147495642,0.001316313,0.172998056,20.82006836,0.035990216,0,24:45.2,,
5.00E-05,0.32710743,0.153913036,0.001394199,0.171800211,20.63636971,0.035971858,0,25:15.7,,
5.00E-05,0.311372399,0.143811956,0.00137471,0.166185737,20.96443939,0.035882138,0,25:46.0,,
5.00E-05,0.323497593,0.152099073,0.00140473,0.169993803,20.66116333,0.035803109,0,26:16.5,,
5.00E-05,0.30404985,0.146887094,0.001365265,0.155797511,20.9082489,0.035807159,0,26:46.9,,
5.00E-05,0.295430243,0.138808772,0.001584909,0.155036554,21.39151382,0.035753228,0,27:17.2,,
5.00E-05,0.32027173,0.159446269,0.00142178,0.159403682,19.95494843,0.035760216,0,27:47.8,,
5.00E-05,0.297266871,0.145630136,0.00139775,0.150238991,21.08673859,0.035678711,0,28:18.3,,
5.00E-05,0.303389013,0.14439404,0.001323643,0.157671317,21.15696144,0.035585437,0,28:48.8,,
5.00E-05,0.321241736,0.146869719,0.001416905,0.172955096,21.24693298,0.035577066,0,29:19.3,,
5.00E-05,0.314426899,0.148290828,0.00142882,0.164707229,20.76994896,0.035496026,0,29:49.8,,
5.00E-05,0.310078859,0.144504979,0.00125863,0.164315268,21.69515419,0.035488073,0,30:20.2,,
5.00E-05,0.300623715,0.132571831,0.001267393,0.16678451,21.97825432,0.035417408,0,30:50.7,,
5.00E-05,0.29250437,0.135911196,0.001366019,0.155227154,21.54966354,0.035461269,0,31:21.2,,
5.00E-05,0.315192103,0.147412553,0.001195856,0.166583702,21.10486984,0.035399646,0,31:51.6,,
5.00E-05,0.316277146,0.149562076,0.001323955,0.165391102,20.79198647,0.035378721,0,32:22.1,,
5.00E-05,0.304596603,0.142138556,0.001299021,0.161159009,21.26879501,0.035321105,0,32:52.6,,
5.00E-05,0.307096332,0.145834193,0.001387399,0.159874737,20.72317886,0.035293564,0,33:22.9,,
5.00E-05,0.298571587,0.141976863,0.001230884,0.155363828,21.01291466,0.035164718,0,33:53.4,,
5.00E-05,0.318843186,0.149777383,0.001473542,0.167592242,20.98877335,0.035182979,0,34:23.7,,
5.00E-05,0.308273256,0.14993757,0.001512656,0.156823009,20.25652313,0.035134047,0,34:54.5,,
5.00E-05,0.2979123,0.13598755,0.001511299,0.160413444,21.91471291,0.035091683,0,35:25.0,,
5.00E-05,0.306788921,0.147578061,0.001370508,0.157840356,20.94049072,0.035031948,0,35:55.5,,
5.00E-05,0.312872112,0.146112964,0.001466297,0.165292859,20.83072281,0.03498821,0,36:26.0,,
5.00E-05,0.300725818,0.145513207,0.001329705,0.153882921,21.1163063,0.034962799,0,36:56.6,,
5.00E-05,0.310450375,0.147194952,0.001251602,0.1620038,20.5886364,0.034922536,0,37:27.1,,
5.00E-05,0.309068412,0.138456687,0.001372216,0.169239506,21.42068481,0.034863707,0,37:57.5,,
5.00E-05,0.314174652,0.147868201,0.001367202,0.164939269,20.78873825,0.034955002,0,38:30.1,,
5.00E-05,0.291325986,0.13562353,0.001431872,0.154270574,21.33367348,0.0349769,0,39:00.5,,
5.00E-05,0.287390471,0.14031598,0.001280056,0.145794436,21.52615356,0.034879711,0,39:31.0,,
5.00E-05,0.309426069,0.156303823,0.001353807,0.151768431,20.13731384,0.034827501,0,40:01.4,,
5.00E-05,0.311243385,0.143026769,0.001560261,0.16665636,21.05974007,0.034733497,0,40:31.8,,
5.00E-05,0.309426993,0.140616447,0.001320439,0.16749011,21.20550346,0.034720857,0,41:02.3,,
5.00E-05,0.292742103,0.141132653,0.001510818,0.150098637,21.33612823,0.034571726,0,41:32.6,,
5.00E-05,0.305791229,0.145873994,0.001656192,0.158261046,20.84695435,0.034631394,0,42:03.1,,
5.00E-05,0.309651017,0.148291409,0.001489823,0.159869775,20.52398491,0.03459429,0,42:33.5,,
5.00E-05,0.293847203,0.135214791,0.001413452,0.157218978,21.73188782,0.034606408,0,43:04.0,,
5.00E-05,0.301489532,0.137138382,0.001370897,0.162980244,21.41527367,0.03459378,0,43:34.3,,
5.00E-05,0.312895,0.139399901,0.001408651,0.172086447,20.60389709,0.034515843,0,44:04.8,,
5.00E-05,0.290696561,0.136418074,0.001304801,0.152973682,21.59260178,0.034483895,0,44:35.3,,
5.00E-05,0.309460938,0.150373355,0.001430869,0.157656714,20.9593277,0.034475915,0,45:05.8,,
5.00E-05,0.304597557,0.138943523,0.001330666,0.16432336,21.00139999,0.034494307,0,45:36.3,,
5.00E-05,0.302403927,0.138662234,0.001350041,0.162391648,21.49085999,0.034495261,0,46:06.7,,
5.00E-05,0.316534758,0.150329217,0.001316596,0.164888963,20.5295105,0.03446389,0,46:37.2,,
5.00E-05,0.310847163,0.145799428,0.001296516,0.163751215,21.19610023,0.03438177,0,47:07.7,,
5.00E-05,0.314803123,0.150972009,0.001315913,0.162515223,20.51330948,0.034358602,0,47:38.1,,
5.00E-05,0.295480371,0.138421223,0.001624785,0.155434355,21.37052345,0.034254998,0,48:08.6,,
5.00E-05,0.302359819,0.142537877,0.001530525,0.158291414,20.77198029,0.034121841,0,48:39.2,,
5.00E-05,0.312933594,0.142419025,0.00131202,0.169202551,20.81228065,0.034067396,0,49:09.5,,
5.00E-05,0.301020145,0.142010048,0.001342949,0.15766716,21.3072319,0.034061238,0,49:39.9,,
5.00E-05,0.299316168,0.139023602,0.001402202,0.158890352,21.39764786,0.034112729,0,50:10.4,,
5.00E-05,0.295994997,0.14500007,0.001382371,0.149612546,20.9237175,0.034075011,0,50:40.8,,
5.00E-05,0.300755173,0.141427353,0.001187052,0.158140764,20.85460472,0.034113046,0,51:11.3,,
5.00E-05,0.296468139,0.14356114,0.001480712,0.1514263,21.04180527,0.034000501,0,51:41.7,,
5.00E-05,0.28297013,0.12879318,0.001297651,0.152879313,22.31675911,0.033986963,0,52:12.2,,
5.00E-05,0.300990731,0.139674798,0.001300421,0.160015509,21.06758308,0.033984438,0,52:42.7,,
5.00E-05,0.306360453,0.14107804,0.00146889,0.163813516,21.42091942,0.033828635,0,53:13.2,,
5.00E-05,0.29978776,0.146673083,0.00125002,0.151864678,20.81522369,0.033791836,0,53:43.6,,
5.00E-05,0.302793711,0.139761627,0.001522115,0.161509976,21.28722954,0.033835243,0,54:14.1,,
5.00E-05,0.301843941,0.139190659,0.001565562,0.161087707,21.26234818,0.033822868,0,54:53.4,,
,,,,,,,0,55:15.0,1.013132215,13.36102486
5.00E-05,0.304788709,0.137141243,0.001311236,0.166336223,21.11408043,0.033768158,0,55:46.3,,
5.00E-05,0.306058228,0.145498946,0.001566457,0.158992842,20.60334778,0.033678185,0,56:16.7,,
5.00E-05,0.316527903,0.147888988,0.001506346,0.167132586,20.52085495,0.033532534,0,56:47.2,,
5.00E-05,0.301601261,0.140468925,0.001336124,0.159796208,21.50331116,0.033437267,0,57:17.7,,
5.00E-05,0.301400453,0.143156677,0.001288145,0.15695563,21.05463028,0.033342399,0,57:50.3,,
5.00E-05,0.305486023,0.134486288,0.001317078,0.169682652,21.65382576,0.033298094,0,58:20.8,,
5.00E-05,0.292913079,0.135616019,0.001438616,0.155858442,21.72120667,0.033247825,0,58:51.3,,
5.00E-05,0.295976758,0.130311847,0.001195484,0.164469436,21.9509201,0.033273716,0,59:21.8,,
5.00E-05,0.300392181,0.142001286,0.0013602,0.157030702,21.17904663,0.033203766,0,59:52.3,,
5.00E-05,0.298689216,0.138271809,0.001373701,0.1590437,21.53187561,0.033090636,0,00:22.7,,
5.00E-05,0.298329383,0.137876406,0.001274685,0.159178287,21.64422226,0.032998867,0,00:53.2,,
5.00E-05,0.300302863,0.142371118,0.001419122,0.156512633,20.83228111,0.032899223,0,01:23.7,,
5.00E-05,0.29236263,0.135148615,0.001326161,0.155887872,21.52024269,0.032795671,0,01:54.3,,
5.00E-05,0.305807471,0.136113033,0.001434473,0.168259948,21.28849792,0.03274709,0,02:24.7,,
5.00E-05,0.284786522,0.125688881,0.001530486,0.157567173,22.06413078,0.032665122,0,02:55.1,,
5.00E-05,0.291361392,0.134520307,0.001276114,0.155564949,21.95013237,0.032604083,0,03:25.5,,
5.00E-05,0.292880416,0.143269926,0.001395795,0.148214698,21.07261848,0.032684904,0,03:56.0,,
5.00E-05,0.307000697,0.140029877,0.001316781,0.165654033,21.27489471,0.032698389,0,04:26.4,,
5.00E-05,0.308575302,0.146661028,0.001388753,0.160525516,20.49636459,0.032777607,0,04:56.9,,
5.00E-05,0.309643626,0.141370043,0.001423169,0.166850418,20.83717728,0.032839056,0,05:27.4,,
5.00E-05,0.297135472,0.138121039,0.001429553,0.157584891,21.43731689,0.032740515,0,05:57.9,,
5.00E-05,0.308097601,0.139015555,0.001341726,0.16774033,21.37845039,0.032792035,0,06:28.4,,
5.00E-05,0.292927504,0.133693442,0.001263263,0.157970801,21.65093613,0.032878939,0,06:58.9,,
5.00E-05,0.303416997,0.143123716,0.001524563,0.158768713,21.154953,0.03283862,0,07:29.3,,
5.00E-05,0.317240894,0.150970086,0.001537174,0.164733618,20.33656693,0.032754622,0,07:59.8,,
5.00E-05,0.306300342,0.140740395,0.001252839,0.164307103,21.46124077,0.032678373,0,08:30.2,,
5.00E-05,0.29774785,0.136705905,0.001211363,0.159830585,21.74031067,0.0326664,0,09:00.7,,
5.00E-05,0.293904245,0.139776796,0.001277481,0.152849957,21.00421524,0.032619596,0,09:31.1,,
5.00E-05,0.300406039,0.141815022,0.001413125,0.15717791,21.18914795,0.032497562,0,10:01.6,,
5.00E-05,0.300481737,0.141193256,0.001355816,0.157932684,20.83159447,0.032460604,0,10:32.1,,
5.00E-05,0.314401209,0.145940527,0.001330266,0.167130426,20.59366608,0.032398794,0,11:02.7,,
5.00E-05,0.312691033,0.139527798,0.001400247,0.171762988,20.9345417,0.032384112,0,11:33.2,,
5.00E-05,0.300372481,0.134381637,0.001303793,0.164687067,21.26025391,0.032416966,0,12:03.7,,
5.00E-05,0.301487774,0.139122888,0.001425682,0.160939202,21.61981964,0.032400984,0,12:34.3,,
5.00E-05,0.30950582,0.143260837,0.001478062,0.164766937,20.83736229,0.032394104,0,13:04.8,,
5.00E-05,0.294633329,0.134919658,0.00139518,0.15831849,21.62552261,0.032265503,0,13:35.2,,
5.00E-05,0.282315135,0.139759943,0.001389234,0.141165942,20.88209534,0.032262634,0,14:05.8,,
5.00E-05,0.309069216,0.141076356,0.001375661,0.166617185,20.91365814,0.032262437,0,14:36.3,,
5.00E-05,0.297441632,0.134689614,0.001418567,0.161333457,21.29705429,0.032145131,0,15:06.7,,
5.00E-05,0.282858551,0.130731106,0.001358612,0.150768816,21.69604874,0.03215804,0,15:37.1,,
5.00E-05,0.301096261,0.137030289,0.001437011,0.162628978,21.57068443,0.032129657,0,16:10.1,,
5.00E-05,0.292610466,0.134832963,0.001342524,0.156434983,21.85991287,0.0321256,0,16:40.6,,
5.00E-05,0.311683059,0.144789651,0.001370279,0.165523112,20.92808151,0.031970516,0,17:11.1,,
5.00E-05,0.288635135,0.131967947,0.00145825,0.15520896,21.82684135,0.031908516,0,17:41.5,,
5.00E-05,0.299369276,0.135286584,0.001308353,0.162774339,21.2814045,0.031877439,0,18:12.0,,
5.00E-05,0.295186788,0.138614729,0.001423237,0.155148819,21.43663597,0.031822354,0,18:42.4,,
5.00E-05,0.293713331,0.129405156,0.001285359,0.163022801,21.89731407,0.031866245,0,19:12.9,,
5.00E-05,0.305583209,0.140320852,0.001419223,0.16384314,21.04012489,0.031821031,0,19:43.4,,
5.00E-05,0.292094469,0.133015454,0.001278967,0.157800034,21.68327522,0.031738739,0,20:14.0,,
5.00E-05,0.292335927,0.12793313,0.001442833,0.162959978,21.90886307,0.031620037,0,20:44.4,,
5.00E-05,0.307040095,0.140108839,0.001505815,0.16542545,21.01067543,0.031625241,0,21:14.9,,
5.00E-05,0.300494254,0.141112685,0.001438504,0.157943055,20.66142273,0.031573046,0,21:45.3,,
5.00E-05,0.299728334,0.138584793,0.001350673,0.15979287,20.99342537,0.031583577,0,22:15.8,,
5.00E-05,0.299885601,0.142559439,0.00139648,0.155929685,20.97088814,0.031591117,0,22:46.3,,
5.00E-05,0.296911657,0.135230169,0.001364758,0.160316736,21.71524811,0.031530581,0,23:16.9,,
5.00E-05,0.299640179,0.144652456,0.001296492,0.153691232,20.81580162,0.031558815,0,23:47.3,,
5.00E-05,0.305273533,0.138326496,0.00125109,0.165695935,20.93616486,0.031480879,0,24:17.8,,
5.00E-05,0.290316254,0.134934425,0.001352588,0.154029235,21.17782593,0.031527333,0,24:48.4,,
5.00E-05,0.300452173,0.13383466,0.001329237,0.16528827,21.81650925,0.031514045,0,25:18.9,,
5.00E-05,0.292005062,0.132150337,0.001378702,0.15847601,21.6536026,0.031575199,0,25:49.3,,
5.00E-05,0.297918081,0.13607119,0.001385181,0.160461694,21.09461212,0.031545162,0,26:19.9,,
5.00E-05,0.302202582,0.139456987,0.001400398,0.161345214,20.92782784,0.031452946,0,26:50.3,,
5.00E-05,0.299108446,0.135948345,0.001510187,0.161649927,21.49479675,0.03142659,0,27:21.0,,
5.00E-05,0.284504503,0.125675797,0.001314638,0.157514066,22.12717438,0.031364314,0,27:51.5,,
5.00E-05,0.295431137,0.133343831,0.001416312,0.160670981,21.48944664,0.031356432,0,28:21.9,,
5.00E-05,0.289558947,0.132567659,0.001375354,0.155615941,21.64172935,0.03127379,0,28:52.4,,
5.00E-05,0.299684703,0.138681903,0.001409837,0.159592941,21.15570068,0.031237716,0,29:22.9,,
5.00E-05,0.299553186,0.130964398,0.001367125,0.167221665,21.6462059,0.031178586,0,29:53.4,,
5.00E-05,0.296084374,0.134186462,0.001276886,0.160621032,21.6894455,0.031124251,0,30:24.0,,
5.00E-05,0.28893882,0.135660395,0.001510088,0.151768357,21.36125565,0.031048359,0,30:54.5,,
5.00E-05,0.313897282,0.140662089,0.001486806,0.171748385,21.15848351,0.031105243,0,31:25.0,,
5.00E-05,0.293951303,0.128726557,0.001382342,0.16384241,21.5056324,0.031003142,0,31:55.4,,
5.00E-05,0.29965803,0.144607097,0.001456665,0.15359427,20.75335312,0.030866228,0,32:25.9,,
5.00E-05,0.298963308,0.134562328,0.001271895,0.163129076,21.57863426,0.030842049,0,32:56.4,,
5.00E-05,0.294517457,0.133253112,0.001308445,0.159955919,21.73489761,0.030822283,0,33:26.8,,
5.00E-05,0.304865897,0.142162591,0.001417525,0.161285803,20.82028389,0.03087724,0,33:57.2,,
5.00E-05,0.298632056,0.137062371,0.00131,0.160259679,21.13604355,0.030829154,0,34:27.7,,
5.00E-05,0.281083584,0.128224373,0.00123876,0.151620463,21.44197845,0.030757129,0,35:00.3,,
5.00E-05,0.299983442,0.136186048,0.001330089,0.162467301,21.86933517,0.030783821,0,35:30.8,,
5.00E-05,0.294137836,0.134546906,0.001193068,0.158397868,21.58786583,0.030758288,0,36:01.2,,
5.00E-05,0.302533269,0.133523032,0.001525557,0.167484686,21.19498825,0.030681849,0,36:32.0,,
5.00E-05,0.302521408,0.136985585,0.001326136,0.164209694,21.63484383,0.030636152,0,37:02.5,,
5.00E-05,0.282965958,0.129014522,0.001317478,0.152633965,21.57611084,0.030658687,0,37:33.0,,
5.00E-05,0.293904066,0.132674709,0.001258249,0.159971103,21.71081543,0.03053092,0,38:03.4,,
5.00E-05,0.292144984,0.132771045,0.001346418,0.158027515,22.0830822,0.030483713,0,38:33.9,,
5.00E-05,0.301900297,0.131446928,0.001195107,0.169258267,21.76317024,0.030479928,0,39:04.4,,
5.00E-05,0.294890225,0.131257638,0.001192714,0.162439868,21.46434784,0.030615637,0,39:34.9,,
5.00E-05,0.299252272,0.137304887,0.001239076,0.160708323,21.27254868,0.030538278,0,40:05.3,,
5.00E-05,0.294982582,0.135374039,0.001260191,0.158348352,21.15669632,0.030542202,0,40:35.8,,
5.00E-05,0.299061656,0.129739895,0.001471881,0.167849883,21.78910065,0.030525776,0,41:06.3,,
5.00E-05,0.301451564,0.131777763,0.001376408,0.16829738,21.92797089,0.030553864,0,41:36.8,,
5.00E-05,0.319643915,0.151001006,0.001396755,0.167246148,20.32052994,0.030523969,0,42:07.3,,
5.00E-05,0.294105649,0.132248342,0.001486721,0.160370573,21.80185127,0.030482233,0,42:37.8,,
5.00E-05,0.30178082,0.134193406,0.001242059,0.166345343,21.56586647,0.030551037,0,43:08.3,,
5.00E-05,0.303178966,0.138413146,0.001417028,0.163348779,21.03305817,0.030447869,0,43:38.8,,
5.00E-05,0.314541519,0.134696022,0.001571682,0.178273797,21.577034,0.030445075,0,44:09.3,,
5.00E-05,0.305054903,0.136905625,0.001370727,0.166778535,21.43698502,0.030443566,0,44:39.8,,
5.00E-05,0.29305461,0.137811795,0.001337269,0.153905541,21.27310562,0.030386126,0,45:10.4,,
5.00E-05,0.285424948,0.128833026,0.001256141,0.155335784,21.91434479,0.030329375,0,45:40.9,,
5.00E-05,0.292577684,0.133081183,0.001393842,0.158102676,21.64740562,0.030309249,0,46:20.7,,
5.00E-05,0.291070402,0.130296052,0.001349694,0.159424677,22.14743614,0.030366775,0,46:51.1,,
5.00E-05,0.282375842,0.130474091,0.001602887,0.150298864,21.82168007,0.030330149,0,47:21.6,,
5.00E-05,0.289025307,0.130483642,0.001372223,0.157169461,21.74061584,0.030261204,0,47:52.2,,
5.00E-05,0.297305197,0.144221738,0.001434987,0.151648477,20.80030441,0.030201666,0,48:22.7,,
5.00E-05,0.286419541,0.127855673,0.001235486,0.157328382,21.90810204,0.030180786,0,48:53.3,,
5.00E-05,0.298660398,0.135945871,0.001445432,0.161269084,21.38141823,0.030145267,0,49:23.7,,
5.00E-05,0.293405801,0.131777808,0.001447895,0.160180092,21.59701347,0.030161882,0,49:54.2,,
5.00E-05,0.28776902,0.136668652,0.001295026,0.149805337,21.03129959,0.030122226,0,50:24.6,,
5.00E-05,0.297930062,0.136586711,0.001301739,0.16004163,20.85473824,0.03008284,0,50:55.2,,
5.00E-05,0.300877929,0.135883451,0.001452638,0.163541839,21.42635155,0.030016555,0,51:25.7,,
5.00E-05,0.293446302,0.132185638,0.001470751,0.159789905,21.69813156,0.030083664,0,51:56.3,,
5.00E-05,0.297499388,0.12481378,0.001417331,0.171268284,22.56590652,0.02995193,0,52:26.7,,
5.00E-05,0.292635977,0.137680933,0.001397103,0.153557956,21.27379227,0.029834688,0,52:57.2,,
5.00E-05,0.293248177,0.125931621,0.001462036,0.165854529,22.37447739,0.029801028,0,53:27.7,,
5.00E-05,0.299483389,0.14070411,0.001381193,0.15739809,20.71790504,0.029768595,0,54:00.4,,
5.00E-05,0.292223275,0.131440952,0.001324618,0.159457698,21.84195709,0.029777661,0,54:30.8,,
5.00E-05,0.299867064,0.138055295,0.001440721,0.16037105,21.39618301,0.02974233,0,55:01.3,,
5.00E-05,0.289950252,0.126764432,0.001204712,0.161981121,22.05943871,0.029681476,0,55:31.9,,
5.00E-05,0.292691708,0.129155755,0.001328707,0.162207261,21.61491776,0.029692424,0,56:02.5,,
5.00E-05,0.293047935,0.139122337,0.001322487,0.152603105,21.20059967,0.029676473,0,56:33.0,,
5.00E-05,0.300469756,0.147160336,0.001368115,0.151941285,20.30677414,0.029731231,0,57:03.8,,
5.00E-05,0.310265303,0.135449573,0.001257978,0.173557773,21.30317497,0.029664729,0,57:34.2,,
5.00E-05,0.310710669,0.14474301,0.001369274,0.16459839,20.53957939,0.029660268,0,58:04.7,,
5.00E-05,0.296406448,0.136780575,0.001456617,0.15816927,20.5965538,0.029616809,0,58:35.2,,
5.00E-05,0.286025286,0.134047702,0.001323585,0.150654003,21.36254311,0.029685529,0,59:05.7,,
5.00E-05,0.301448107,0.138777584,0.0014291,0.161241412,20.71836281,0.029609676,0,59:36.2,,
5.00E-05,0.306513071,0.140930936,0.001578868,0.164003253,20.91317368,0.029616207,0,00:06.7,,
5.00E-05,0.29556942,0.132582575,0.001232768,0.161754072,21.62409973,0.02961264,0,00:37.1,,
5.00E-05,0.298574775,0.127662942,0.001572127,0.169339702,21.58777428,0.029457092,0,01:07.7,,
5.00E-05,0.302238464,0.136220515,0.001318255,0.164699674,21.26893997,0.029482162,0,01:38.2,,
5.00E-05,0.284712911,0.130358681,0.001313403,0.153040811,21.2362709,0.029380344,0,02:08.8,,
5.00E-05,0.296594262,0.139078289,0.001532527,0.155983448,21.03714943,0.029360199,0,02:39.2,,
5.00E-05,0.291387856,0.128035486,0.001408608,0.161943778,22.31348419,0.029353192,0,03:09.8,,
5.00E-05,0.297406316,0.130351827,0.001334187,0.165720284,21.70005798,0.029300781,0,03:40.2,,
5.00E-05,0.287979424,0.126362786,0.001414352,0.16020228,22.07329559,0.029222734,0,04:10.8,,
5.00E-05,0.29256922,0.133290127,0.001318523,0.157960564,21.42432213,0.029200176,0,04:41.1,,
5.00E-05,0.301255643,0.128904819,0.001280069,0.17107074,21.71070862,0.029198736,0,05:11.7,,
5.00E-05,0.284015,0.124474399,0.00140881,0.158131793,21.5721817,0.029141944,0,05:42.1,,
5.00E-05,0.283530533,0.124863721,0.001542995,0.157123804,22.42087173,0.029091328,0,06:12.7,,
5.00E-05,0.28298682,0.135088876,0.001429487,0.146468446,21.28141212,0.029030835,0,06:43.2,,
5.00E-05,0.287419558,0.128543675,0.001328207,0.157547683,21.59753609,0.029003998,0,07:13.7,,
5.00E-05,0.289348602,0.131083474,0.001479808,0.156785309,21.56184959,0.029027913,0,07:44.2,,
5.00E-05,0.290720582,0.132399872,0.001436641,0.156884059,21.87644958,0.028973596,0,08:14.7,,
5.00E-05,0.282339722,0.129383624,0.001454397,0.1515017,21.76991653,0.028884131,0,08:45.2,,
5.00E-05,0.308205247,0.137076437,0.001368495,0.169760302,21.04333687,0.028884936,0,09:15.9,,
5.00E-05,0.278341979,0.1280559,0.001377478,0.1489086,21.77718353,0.028831765,0,09:46.4,,
5.00E-05,0.289583027,0.124646164,0.001319751,0.163617119,21.92997742,0.028797125,0,10:17.0,,
5.00E-05,0.283032298,0.120327435,0.00136516,0.161339685,23.08096123,0.028792309,0,10:47.4,,
5.00E-05,0.309981406,0.140583426,0.001361271,0.168036714,20.67057419,0.028733328,0,11:18.1,,
5.00E-05,0.297369331,0.132742956,0.001454408,0.163171962,21.63565063,0.028739713,0,11:48.5,,
5.00E-05,0.282796204,0.129262537,0.001553333,0.151980326,21.70238876,0.028789066,0,12:19.1,,
5.00E-05,0.296342194,0.134430036,0.001343056,0.160569087,21.61152649,0.028725265,0,12:51.7,,
5.00E-05,0.301657438,0.137165442,0.001414018,0.163077995,21.21702194,0.028694961,0,13:22.3,,
5.00E-05,0.292170584,0.130320504,0.001398044,0.160452038,22.16124725,0.02873908,0,13:52.8,,
5.00E-05,0.295747876,0.130191222,0.001457438,0.164099202,21.92217636,0.028712112,0,14:23.3,,
5.00E-05,0.298869073,0.129886106,0.00150749,0.167475477,21.34348106,0.028723605,0,14:53.9,,
5.00E-05,0.285907269,0.127452105,0.001515568,0.156939611,21.91810799,0.028632525,0,15:24.4,,
5.00E-05,0.27200532,0.122268476,0.001252625,0.14848423,22.25774956,0.028712912,0,15:54.8,,
5.00E-05,0.29938361,0.142404675,0.001275167,0.155703768,20.98387909,0.028579047,0,16:25.4,,
5.00E-05,0.293731421,0.128270105,0.001433881,0.164027438,22.0917244,0.028584937,0,16:55.8,,
5.00E-05,0.283994913,0.123662084,0.001207295,0.159125552,22.15322876,0.028532218,0,17:26.6,,
5.00E-05,0.294492006,0.131175056,0.001307502,0.162009463,21.56925964,0.028435642,0,17:57.1,,
5.00E-05,0.293575227,0.126355708,0.001385029,0.165834486,21.85930061,0.028448123,0,18:27.6,,
5.00E-05,0.291540623,0.131882459,0.001411883,0.158246264,20.99249077,0.028535482,0,18:58.1,,
5.00E-05,0.293921828,0.136010334,0.001269598,0.156641901,22.14179039,0.028617457,0,19:28.6,,
5.00E-05,0.291311383,0.127880365,0.001309954,0.162121058,21.95488358,0.028556097,0,19:59.1,,
5.00E-05,0.2937226,0.129654974,0.001444509,0.162623122,21.73387909,0.02844779,0,20:29.6,,
5.00E-05,0.286407113,0.120721824,0.001230751,0.16445452,22.56620407,0.028433047,0,21:00.1,,
5.00E-05,0.28821069,0.133467808,0.001162387,0.153580487,21.38999176,0.028414883,0,21:30.5,,
5.00E-05,0.280884385,0.123224974,0.001369776,0.156289622,22.21369171,0.028387193,0,22:01.0,,
5.00E-05,0.307576716,0.138949096,0.001300184,0.167327449,20.62419701,0.028336044,0,22:31.6,,
5.00E-05,0.2892313,0.131043375,0.001308604,0.156879306,21.28940964,0.02836084,0,23:02.1,,
5.00E-05,0.297454953,0.135979265,0.001298044,0.160177633,21.07643509,0.028330643,0,23:32.5,,
5.00E-05,0.296154201,0.122335449,0.001316059,0.172502697,22.39300156,0.028311262,0,24:03.0,,
5.00E-05,0.288762957,0.136602372,0.001305471,0.150855109,21.05555344,0.028250532,0,24:33.6,,
5.00E-05,0.296690613,0.134893864,0.001309535,0.16048722,21.35983276,0.02824208,0,25:04.0,,
5.00E-05,0.294888973,0.128103912,0.001470218,0.165314853,21.82545471,0.028179051,0,25:34.5,,
5.00E-05,0.306888551,0.129765227,0.001263311,0.175860018,21.71442795,0.028113702,0,26:05.0,,
5.00E-05,0.283150434,0.128036886,0.001505677,0.15360789,21.59876251,0.028114038,0,26:35.6,,
5.00E-05,0.273375511,0.126664907,0.001594068,0.145116553,21.92338943,0.028082339,0,27:06.0,,
5.00E-05,0.300940484,0.142402172,0.001322607,0.1572157,20.62519455,0.028064661,0,27:36.6,,
5.00E-05,0.288508773,0.126663804,0.001328751,0.160516232,21.94986725,0.028013617,0,28:07.0,,
5.00E-05,0.305803478,0.139364645,0.001270542,0.16516827,21.59874916,0.027925752,0,28:37.6,,
5.00E-05,0.290986836,0.124271207,0.001535312,0.165180311,22.09156418,0.027899597,0,29:08.1,,
5.00E-05,0.272607267,0.128467977,0.001560514,0.142578766,21.26241684,0.027853288,0,29:38.6,,
5.00E-05,0.283226967,0.126716122,0.001362953,0.155147895,21.76633453,0.027779259,0,30:09.0,,
5.00E-05,0.299904227,0.134937242,0.001237683,0.16372931,21.33052444,0.0277039,0,30:39.5,,
5.00E-05,0.288158119,0.12774843,0.001259949,0.159149721,21.79905701,0.027743215,0,31:12.2,,
5.00E-05,0.294268966,0.1276775,0.001488008,0.165103465,21.82248688,0.027765786,0,31:42.7,,
5.00E-05,0.286219746,0.132014126,0.001433442,0.152772173,21.34869385,0.027711483,0,32:13.2,,
5.00E-05,0.301632404,0.137028649,0.001421685,0.163182065,20.93452644,0.027688699,0,32:43.7,,
5.00E-05,0.290409029,0.129111826,0.001342041,0.159955174,22.27346802,0.027637385,0,33:14.2,,
5.00E-05,0.289119303,0.131116569,0.001230621,0.156772092,21.43382645,0.027577281,0,33:44.7,,
5.00E-05,0.289209008,0.128615081,0.001240404,0.15935351,21.80930901,0.027536031,0,34:15.1,,
5.00E-05,0.288612306,0.126727894,0.001440576,0.160443842,21.935215,0.027539603,0,34:45.7,,
5.00E-05,0.27256006,0.126376927,0.001321724,0.14486143,22.07356453,0.027471697,0,35:16.2,,
5.00E-05,0.284605205,0.126892492,0.001407178,0.156305537,21.66419601,0.02744413,0,35:46.8,,
5.00E-05,0.290169388,0.128312066,0.001308813,0.160548508,21.77482986,0.027442427,0,36:17.2,,
5.00E-05,0.289060235,0.128717974,0.001377484,0.158964783,21.69117737,0.027433597,0,36:47.8,,
5.00E-05,0.281733185,0.128393486,0.001378513,0.151961192,21.74035072,0.027414793,0,37:27.1,,
,,,,,,,0,37:48.8,0.974435329,13.84371948
5.00E-05,0.304033101,0.138245597,0.001559311,0.164228171,21.03722763,0.027442338,0,38:20.1,,
5.00E-05,0.289792925,0.132849455,0.001549629,0.155393839,21.31167221,0.027387694,0,38:50.8,,
5.00E-05,0.294800103,0.126845643,0.001586627,0.166367814,21.87736702,0.027309299,0,39:21.3,,
5.00E-05,0.278383493,0.119321391,0.001364324,0.157697767,22.78485107,0.027220624,0,39:51.8,,
5.00E-05,0.292682469,0.130718708,0.001380893,0.160582885,21.64634705,0.027167842,0,40:22.3,,
5.00E-05,0.289901018,0.129701197,0.001383518,0.158816293,21.33641434,0.027158821,0,40:52.7,,
5.00E-05,0.300326467,0.129899114,0.001449664,0.168977708,21.71296883,0.027144905,0,41:23.3,,
5.00E-05,0.303340554,0.138322875,0.001483961,0.163533717,21.21115494,0.027092416,0,41:53.8,,
5.00E-05,0.301156759,0.132989809,0.001385428,0.1667815,21.88663483,0.027028242,0,42:24.4,,
5.00E-05,0.277116597,0.123013206,0.001417161,0.152686223,22.23079681,0.026981819,0,42:54.9,,
5.00E-05,0.289895445,0.127878755,0.001385299,0.160631388,21.61513138,0.026941674,0,43:25.5,,
5.00E-05,0.293674052,0.129366368,0.001350708,0.162956968,22.15952682,0.026984161,0,43:55.9,,
5.00E-05,0.278718531,0.122242711,0.001358058,0.15511775,22.40595818,0.026936641,0,44:26.5,,
5.00E-05,0.285224915,0.130356342,0.001378539,0.153490052,21.18425751,0.026896559,0,44:57.0,,
5.00E-05,0.286973387,0.12941125,0.001412541,0.156149596,22.18337822,0.026865706,0,45:27.5,,
5.00E-05,0.282717526,0.124894217,0.001596962,0.156226337,22.02813721,0.026967015,0,45:57.8,,
5.00E-05,0.288997769,0.124722302,0.001304447,0.162971005,22.01275635,0.026934197,0,46:28.4,,
5.00E-05,0.294721365,0.129483551,0.001494207,0.1637436,21.71430206,0.026911195,0,46:58.9,,
5.00E-05,0.300913811,0.126292646,0.001456605,0.173164576,22.29053307,0.026962707,0,47:29.4,,
5.00E-05,0.290761024,0.132994622,0.001317938,0.156448469,21.44844246,0.026842743,0,47:59.9,,
5.00E-05,0.287649274,0.123749234,0.001399763,0.162500277,21.98806763,0.026848491,0,48:30.4,,
5.00E-05,0.284676731,0.12494541,0.001411141,0.158320189,22.04493523,0.026792927,0,49:00.8,,
5.00E-05,0.27117908,0.123008825,0.00135087,0.146819398,22.16541481,0.02682638,0,49:31.3,,
5.00E-05,0.276986867,0.127260283,0.001324187,0.148402393,21.83245468,0.026826104,0,50:01.8,,
5.00E-05,0.290003449,0.134668782,0.001452532,0.153882131,21.20787048,0.0267122,0,50:34.4,,
5.00E-05,0.294620335,0.128764078,0.001521277,0.164334998,21.28951645,0.026713366,0,51:04.8,,
5.00E-05,0.278908044,0.118007444,0.001285586,0.159615025,22.65301132,0.026724445,0,51:35.4,,
5.00E-05,0.278763801,0.128138974,0.001455529,0.149169296,21.22421265,0.026666626,0,52:05.9,,
5.00E-05,0.283663392,0.124110237,0.001371855,0.158181295,21.66023636,0.026613085,0,52:36.5,,
5.00E-05,0.290070295,0.130385846,0.001522257,0.158162206,21.4759655,0.026510367,0,53:07.0,,
5.00E-05,0.296365112,0.127846777,0.001410767,0.167107567,21.97207451,0.026454438,0,53:37.5,,
5.00E-05,0.285114765,0.129288897,0.001301072,0.154524788,21.80405426,0.026460707,0,54:08.0,,
5.00E-05,0.275992155,0.121195398,0.00161355,0.153183192,22.04329491,0.026417019,0,54:38.6,,
5.00E-05,0.294461668,0.130950153,0.001517689,0.161993816,21.05931282,0.026374603,0,55:09.0,,
5.00E-05,0.279427081,0.122832686,0.001386266,0.155208126,22.66347885,0.026382796,0,55:39.6,,
5.00E-05,0.302794397,0.132104889,0.001596391,0.169093102,20.99642181,0.026393138,0,56:10.1,,
5.00E-05,0.282625198,0.12972936,0.001374692,0.151521131,21.72793198,0.02630344,0,56:40.6,,
5.00E-05,0.277409583,0.122482479,0.001368381,0.153558716,22.62288094,0.026258845,0,57:11.1,,
5.00E-05,0.280894518,0.124385014,0.00143473,0.155074775,21.95890045,0.026222607,0,57:41.6,,
5.00E-05,0.284959495,0.126395673,0.00136549,0.15719834,22.16808701,0.026184162,0,58:12.1,,
5.00E-05,0.289850652,0.124601103,0.001334528,0.163915008,22.03324509,0.02612311,0,58:42.9,,
5.00E-05,0.287752509,0.123475768,0.001248678,0.163028061,22.4769001,0.026043411,0,59:13.2,,
5.00E-05,0.285475731,0.125561014,0.001419275,0.158495456,22.19327927,0.025970133,0,59:43.8,,
5.00E-05,0.294300854,0.13076143,0.001501228,0.162038192,21.05626106,0.025892686,0,00:14.2,,
5.00E-05,0.297044098,0.129903406,0.001348607,0.165792108,21.78672791,0.025816971,0,00:44.7,,
5.00E-05,0.286373854,0.126832783,0.001487908,0.15805316,22.22852325,0.025865413,0,01:15.1,,
5.00E-05,0.280136019,0.123631619,0.001281557,0.155222848,22.37784195,0.025926612,0,01:45.7,,
5.00E-05,0.283490956,0.125402048,0.001358773,0.156730145,21.98186874,0.025939113,0,02:16.3,,
5.00E-05,0.292454183,0.129026085,0.001314108,0.162113979,21.51044083,0.025884293,0,02:46.8,,
5.00E-05,0.289791018,0.122880593,0.001500762,0.165409669,22.3787384,0.025888469,0,03:17.2,,
5.00E-05,0.291411579,0.127584994,0.001474502,0.162352085,21.34077454,0.025819523,0,03:47.8,,
5.00E-05,0.288187444,0.122439161,0.00141282,0.164335474,22.35801697,0.025757635,0,04:18.3,,
5.00E-05,0.278985143,0.128210545,0.001577801,0.149196789,21.93421555,0.025762742,0,04:48.8,,
5.00E-05,0.287453324,0.124287769,0.001352002,0.161813557,21.26478195,0.025833849,0,05:19.3,,
5.00E-05,0.299096406,0.12969923,0.001449792,0.167947367,21.24505806,0.025754187,0,05:49.9,,
5.00E-05,0.283488691,0.12553668,0.001312563,0.156639427,22.34609413,0.025672892,0,06:20.3,,
5.00E-05,0.279204667,0.132238626,0.001481231,0.14548479,21.12180519,0.025639193,0,06:50.8,,
5.00E-05,0.287103713,0.125509471,0.001305495,0.160288736,21.65240097,0.025665339,0,07:21.3,,
5.00E-05,0.28019926,0.121893823,0.001419748,0.156885698,21.53866196,0.0255726,0,07:51.8,,
5.00E-05,0.292515755,0.131726205,0.001333071,0.159456477,21.45443916,0.025590269,0,08:22.2,,
5.00E-05,0.303598821,0.143078178,0.001525043,0.158995599,20.99391174,0.025569724,0,08:52.7,,
5.00E-05,0.287451804,0.126907036,0.001384629,0.159160122,21.74684906,0.025528831,0,09:25.4,,
5.00E-05,0.285281062,0.126013473,0.001388748,0.157878861,22.26229668,0.025473649,0,09:55.9,,
5.00E-05,0.27546671,0.11935772,0.001319571,0.154789418,21.94110489,0.025424296,0,10:26.2,,
5.00E-05,0.286950558,0.127009079,0.001418828,0.158522651,21.84513855,0.025422376,0,10:56.7,,
5.00E-05,0.294713259,0.136854723,0.001472093,0.15638645,20.65395164,0.025417313,0,11:27.2,,
5.00E-05,0.299570918,0.12942566,0.00138951,0.168755755,21.48134041,0.025406228,0,11:57.7,,
5.00E-05,0.298105299,0.139239833,0.001359411,0.157506034,20.57831001,0.025373811,0,12:28.1,,
5.00E-05,0.287992924,0.119067892,0.001498699,0.167426333,22.23225784,0.0253125,0,12:58.6,,
5.00E-05,0.272374272,0.120927617,0.001463753,0.149982914,22.56204224,0.025292845,0,13:29.0,,
5.00E-05,0.303635597,0.128956959,0.001521709,0.173156917,21.37432861,0.025223905,0,13:59.6,,
5.00E-05,0.306508124,0.131219834,0.001472701,0.173815593,21.36062813,0.025150822,0,14:30.0,,
5.00E-05,0.292908013,0.129847094,0.001425148,0.161635756,21.89239502,0.025180211,0,15:00.4,,
5.00E-05,0.289399207,0.130969182,0.001282135,0.157147869,21.38343811,0.025133457,0,15:30.8,,
5.00E-05,0.282961547,0.119885504,0.001284856,0.161791191,22.14650154,0.025107617,0,16:01.4,,
5.00E-05,0.288304925,0.13049449,0.001393553,0.156416878,21.36403084,0.025095532,0,16:31.8,,
5.00E-05,0.291746348,0.121629111,0.001425396,0.168691844,22.40448952,0.025081087,0,17:02.4,,
5.00E-05,0.300934494,0.131871521,0.001585302,0.167477667,21.22693634,0.02498965,0,17:32.8,,
5.00E-05,0.282367468,0.122779444,0.001430999,0.158157036,22.66540718,0.024930967,0,18:03.3,,
5.00E-05,0.280745804,0.120056503,0.001487637,0.159201682,22.47767448,0.024901226,0,18:33.7,,
5.00E-05,0.284438163,0.122097172,0.001522509,0.160818473,22.40459442,0.024900883,0,19:04.6,,
5.00E-05,0.297731996,0.131411076,0.001545013,0.164775893,20.93586159,0.024890335,0,19:35.1,,
5.00E-05,0.293312311,0.118371882,0.0015452,0.173395216,22.47343254,0.024822226,0,20:05.5,,
5.00E-05,0.277750373,0.118195258,0.001425535,0.158129588,22.72339058,0.0248006,0,20:36.0,,
5.00E-05,0.290248752,0.125029698,0.001443163,0.163775906,21.71469498,0.024783554,0,21:06.5,,
5.00E-05,0.283059061,0.128105566,0.001427948,0.153525561,21.92170334,0.024751186,0,21:36.9,,
5.00E-05,0.282590598,0.121255092,0.001421402,0.159914106,22.05786705,0.024757674,0,22:07.5,,
5.00E-05,0.278578281,0.122977771,0.001466194,0.154134333,21.93263817,0.02466551,0,22:38.0,,
5.00E-05,0.279237121,0.129304335,0.001482154,0.148450628,21.74121094,0.02471306,0,23:08.5,,
5.00E-05,0.287449628,0.118293524,0.001369588,0.167786524,22.42088318,0.024750182,0,23:38.9,,
5.00E-05,0.286719143,0.127118066,0.001346291,0.158254772,21.98490143,0.024697509,0,24:09.5,,
5.00E-05,0.289803743,0.125227705,0.00146342,0.16311264,21.6562767,0.024624307,0,24:39.9,,
5.00E-05,0.277304292,0.122471109,0.001339418,0.153493747,22.08623695,0.024550283,0,25:10.5,,
5.00E-05,0.285306871,0.129364252,0.001439667,0.154502958,21.54932022,0.024485804,0,25:41.0,,
5.00E-05,0.269240797,0.11945989,0.001500969,0.14827995,22.3368988,0.024496077,0,26:11.4,,
5.00E-05,0.288345993,0.128710568,0.00133362,0.158301815,21.8960495,0.0244288,0,26:41.8,,
5.00E-05,0.283972502,0.115923695,0.001429011,0.166619778,22.52393913,0.024340451,0,27:12.4,,
5.00E-05,0.270330548,0.117488869,0.001301957,0.151539713,22.50148392,0.024385326,0,27:45.0,,
5.00E-05,0.281808436,0.121833079,0.001415476,0.158559889,22.23657227,0.024385801,0,28:15.5,,
5.00E-05,0.285226017,0.12390586,0.001412098,0.159908056,21.93162727,0.02438187,0,28:55.1,,
5.00E-05,0.293750346,0.128201127,0.001505838,0.164043397,21.50173187,0.024381651,0,29:25.5,,
5.00E-05,0.294508904,0.136408508,0.00148765,0.156612739,21.61117172,0.024385465,0,29:55.9,,
5.00E-05,0.297264606,0.135991275,0.001736633,0.159536704,21.28449631,0.024360554,0,30:26.5,,
5.00E-05,0.288659692,0.120006926,0.001414723,0.167238042,22.75989342,0.02430737,0,30:56.9,,
5.00E-05,0.284255683,0.121422455,0.001380538,0.161452681,22.29182816,0.024300974,0,31:27.5,,
5.00E-05,0.291809946,0.134644583,0.001464587,0.155700773,21.26869011,0.024309352,0,31:57.9,,
5.00E-05,0.300168693,0.131567046,0.001462745,0.167138889,21.52583313,0.024294009,0,32:28.6,,
5.00E-05,0.270978302,0.122804508,0.00134996,0.146823838,22.4248085,0.024283316,0,32:59.1,,
5.00E-05,0.278107107,0.119503364,0.001519489,0.157084256,22.09212875,0.024280634,0,33:29.6,,
5.00E-05,0.291548908,0.122387156,0.001344159,0.167817608,22.64142799,0.024248138,0,34:00.1,,
5.00E-05,0.278306037,0.120783515,0.001413626,0.156108901,22.7273941,0.024203109,0,34:30.6,,
5.00E-05,0.280377865,0.118805028,0.001322828,0.160249993,22.62146187,0.024170553,0,35:01.1,,
5.00E-05,0.289308012,0.122821167,0.001531147,0.164955705,22.15769577,0.02416148,0,35:31.7,,
5.00E-05,0.295749575,0.12826854,0.001503456,0.165977582,21.80257034,0.024152862,0,36:02.2,,
5.00E-05,0.276010633,0.118344888,0.001330254,0.156335488,21.79183578,0.024138073,0,36:32.7,,
5.00E-05,0.286477685,0.122931205,0.00146945,0.162077025,22.02471924,0.024052769,0,37:03.2,,
5.00E-05,0.292959392,0.120974183,0.001307396,0.170677811,22.02525139,0.023999576,0,37:33.8,,
5.00E-05,0.272696763,0.117183931,0.001416879,0.154095948,22.72274017,0.023973497,0,38:04.2,,
5.00E-05,0.294523031,0.130930677,0.001446867,0.162145481,21.52095032,0.023922499,0,38:34.7,,
5.00E-05,0.287479401,0.130082697,0.00144277,0.155953929,21.62586594,0.0240095,0,39:05.1,,
5.00E-05,0.288625538,0.134206191,0.001438682,0.152980655,21.095541,0.023942687,0,39:36.0,,
5.00E-05,0.278671026,0.120509043,0.00139337,0.15676862,22.19304657,0.023943856,0,40:06.5,,
5.00E-05,0.285638869,0.12345773,0.001283934,0.16089721,22.06630707,0.02388601,0,40:37.0,,
5.00E-05,0.291782886,0.130270094,0.001407844,0.160104945,21.65461731,0.023846047,0,41:07.4,,
5.00E-05,0.272978336,0.1127887,0.001531404,0.158658236,23.08307457,0.023766741,0,41:38.0,,
5.00E-05,0.279719293,0.122906201,0.001447859,0.155365229,21.54226112,0.023734163,0,42:08.4,,
5.00E-05,0.263276309,0.118876077,0.00155272,0.142847508,22.16287994,0.02377641,0,42:39.1,,
5.00E-05,0.284249663,0.121266194,0.00135607,0.161627397,22.33916283,0.023700695,0,43:09.5,,
5.00E-05,0.290883303,0.121929266,0.001677688,0.167276338,21.90092468,0.02368735,0,43:40.1,,
5.00E-05,0.287150621,0.12902905,0.001468597,0.156652957,21.83241272,0.023717176,0,44:10.6,,
5.00E-05,0.278763562,0.121208183,0.00146848,0.156086907,22.28055763,0.023705967,0,44:41.2,,
5.00E-05,0.284319967,0.12278495,0.001448335,0.160086676,22.145401,0.023684211,0,45:11.8,,
5.00E-05,0.293602467,0.128316432,0.00134361,0.163942412,21.6237812,0.023680743,0,45:42.3,,
5.00E-05,0.296008497,0.130343184,0.00145615,0.164209157,21.33774948,0.023685424,0,46:12.8,,
5.00E-05,0.276830971,0.115401581,0.001409904,0.160019502,22.80034637,0.023664536,0,46:45.5,,
5.00E-05,0.293862343,0.125505641,0.001420986,0.166935712,21.89506912,0.023676848,0,47:15.9,,
5.00E-05,0.300446689,0.134181395,0.001521957,0.164743334,20.61820602,0.023607686,0,47:46.3,,
5.00E-05,0.279795438,0.123139001,0.001461935,0.155194506,22.18763542,0.023564937,0,48:16.8,,
5.00E-05,0.28414011,0.122737892,0.001327403,0.16007483,22.00297356,0.023520593,0,48:47.3,,
5.00E-05,0.279935509,0.116302669,0.001540847,0.162091985,22.47314835,0.023465624,0,49:17.7,,
5.00E-05,0.27693826,0.122738846,0.001451797,0.152747601,21.72916412,0.023397949,0,49:48.4,,
5.00E-05,0.293506622,0.12664254,0.001528814,0.165335283,22.02233887,0.023385523,0,50:18.9,,
5.00E-05,0.271783173,0.115014993,0.00155879,0.155209377,22.55135536,0.023402702,0,50:49.5,,
5.00E-05,0.277592719,0.119908795,0.001637371,0.156046554,22.4585762,0.02334491,0,51:20.0,,
5.00E-05,0.297620714,0.117576636,0.001481049,0.178563029,22.89200211,0.023339726,0,51:50.6,,
5.00E-05,0.285338342,0.122794971,0.001476039,0.161067337,21.90411377,0.023325568,0,52:21.0,,
5.00E-05,0.279022038,0.118263073,0.001559401,0.159199581,22.43440628,0.023373632,0,52:51.5,,
5.00E-05,0.287802398,0.121483609,0.0015466,0.164772183,22.47695923,0.023310134,0,53:22.0,,
5.00E-05,0.286470294,0.11882174,0.001379152,0.166269407,21.95808792,0.023370719,0,53:52.4,,
5.00E-05,0.274565339,0.120398335,0.001436666,0.152730346,22.12089539,0.023383895,0,54:23.0,,
5.00E-05,0.287944734,0.124809675,0.001508978,0.161626086,21.90733719,0.023358686,0,54:53.6,,
5.00E-05,0.27621296,0.123382144,0.001396743,0.151434079,21.94643021,0.023327466,0,55:24.0,,
5.00E-05,0.282697856,0.120919868,0.00153843,0.160239562,22.41411972,0.023279773,0,55:54.5,,
5.00E-05,0.277443469,0.124778405,0.001444677,0.151220366,21.76782417,0.023238957,0,56:25.0,,
5.00E-05,0.276360571,0.113257013,0.001378402,0.161725163,22.92361259,0.023331149,0,56:55.5,,
5.00E-05,0.293281376,0.126850262,0.001569082,0.164862022,21.78528786,0.023289027,0,57:25.9,,
5.00E-05,0.294636965,0.123085909,0.001388969,0.170162082,22.46532059,0.023264829,0,57:56.4,,
5.00E-05,0.287797391,0.123378798,0.001372176,0.16304642,22.16397285,0.023174619,0,58:26.9,,
5.00E-05,0.278914124,0.119262911,0.001461756,0.158189461,22.06381798,0.023146337,0,58:57.3,,
5.00E-05,0.293036878,0.126014113,0.001478793,0.165543973,22.01828766,0.023085043,0,59:27.8,,
5.00E-05,0.288292468,0.127841055,0.001518692,0.158932731,21.24944878,0.023122327,0,59:58.6,,
5.00E-05,0.28639096,0.124174811,0.001425521,0.160790607,21.92408371,0.023094544,0,00:29.0,,
5.00E-05,0.296892554,0.120585598,0.001421041,0.174885914,21.97267723,0.023002751,0,00:59.6,,
5.00E-05,0.285032332,0.131275907,0.001500657,0.152255759,21.21405411,0.022984102,0,01:30.0,,
5.00E-05,0.292462826,0.12820898,0.001394494,0.162859336,21.67117119,0.022917338,0,02:00.6,,
5.00E-05,0.288363695,0.120124467,0.00147404,0.166765198,22.72161293,0.022886451,0,02:31.1,,
5.00E-05,0.28464061,0.124203645,0.001375454,0.159061491,21.71160889,0.022870244,0,03:01.7,,
5.00E-05,0.290308058,0.123678237,0.001357529,0.165272281,22.22867012,0.022764968,0,03:32.3,,
5.00E-05,0.283690631,0.128695071,0.001518079,0.153477475,21.23934937,0.022714719,0,04:02.8,,
5.00E-05,0.283762217,0.122096218,0.00145929,0.16020672,21.78890228,0.022654736,0,04:33.3,,
5.00E-05,0.29299289,0.124995425,0.00135077,0.166646704,21.63514709,0.022634158,0,05:03.7,,
5.00E-05,0.291507006,0.128608316,0.001590793,0.161307901,21.41072273,0.022559077,0,05:36.4,,
5.00E-05,0.293036759,0.12178155,0.001424884,0.169830307,21.67700768,0.02262383,0,06:07.0,,
5.00E-05,0.271684736,0.115607627,0.001470596,0.154606506,22.53321457,0.022534432,0,06:37.6,,
5.00E-05,0.262996376,0.118511297,0.001499164,0.142985925,22.52493858,0.022450728,0,07:08.1,,
5.00E-05,0.285199463,0.124727324,0.001631201,0.158840939,21.85708046,0.022444043,0,07:38.4,,
5.00E-05,0.279918283,0.122895852,0.001419027,0.155603394,21.91081238,0.022482255,0,08:09.0,,
5.00E-05,0.285977155,0.121279962,0.001464886,0.163232297,22.09169579,0.022486979,0,08:39.3,,
5.00E-05,0.274305671,0.119533814,0.001356943,0.15341492,22.7300663,0.022449771,0,09:09.9,,
5.00E-05,0.285367399,0.122582845,0.001502896,0.16128166,22.08583069,0.022446886,0,09:40.4,,
5.00E-05,0.286694288,0.125346273,0.001569489,0.15977852,21.81253815,0.022475198,0,10:10.9,,
5.00E-05,0.293105125,0.130786911,0.001450824,0.160867408,21.69551468,0.022451269,0,10:41.4,,
5.00E-05,0.268832415,0.1109301,0.001522867,0.156379446,22.85527802,0.022489956,0,11:11.9,,
5.00E-05,0.275110573,0.114718214,0.001385103,0.159007251,23.16135216,0.022472691,0,11:42.4,,
5.00E-05,0.280850857,0.1165938,0.001732083,0.162524983,22.3621521,0.022419821,0,12:12.9,,
5.00E-05,0.282989651,0.12005014,0.001432688,0.161506832,22.06170654,0.022364454,0,12:43.5,,
5.00E-05,0.2882936,0.126436353,0.001596158,0.16026108,22.11079407,0.022374747,0,13:14.1,,
5.00E-05,0.296289384,0.126978487,0.001587108,0.167723805,21.24055481,0.022332776,0,13:44.5,,
5.00E-05,0.273285717,0.117125466,0.001412261,0.154747993,22.31170273,0.022286644,0,14:15.2,,
5.00E-05,0.274579138,0.114839368,0.001555426,0.15818435,22.68786621,0.022248363,0,14:45.7,,
5.00E-05,0.285684049,0.125655547,0.001532042,0.158496469,21.23614502,0.022215663,0,15:16.2,,
5.00E-05,0.280674398,0.121757664,0.001409705,0.157507032,21.87139702,0.022170443,0,15:46.7,,
5.00E-05,0.273107171,0.116785862,0.001679599,0.154641703,22.38591766,0.022074582,0,16:17.2,,
5.00E-05,0.287929833,0.125136241,0.001581036,0.161212564,21.85612679,0.022077933,0,16:47.7,,
5.00E-05,0.283556312,0.12374825,0.001468066,0.158339992,21.45989227,0.022032749,0,17:18.3,,
5.00E-05,0.27617678,0.116232187,0.001397078,0.158547506,22.38538361,0.021977214,0,17:48.8,,
5.00E-05,0.274990112,0.125315487,0.001535165,0.148139462,22.07593536,0.021995908,0,18:19.3,,
5.00E-05,0.283615232,0.116313882,0.001561625,0.16573973,22.72896004,0.021962857,0,18:49.8,,
5.00E-05,0.298374623,0.121252716,0.001387635,0.175734267,22.45113373,0.021935252,0,19:20.4,,
5.00E-05,0.289770573,0.122691683,0.001401415,0.165677473,21.89109993,0.021884635,0,19:59.8,,
,,,,,,,0,20:21.3,0.933697164,14.37133312
5.00E-05,0.278209805,0.117016688,0.001617167,0.159575939,21.75829697,0.021855228,0,20:52.5,,
5.00E-05,0.27218014,0.125277966,0.001635518,0.145266667,21.52120781,0.021828325,0,21:23.0,,
5.00E-05,0.287259161,0.118520871,0.001573039,0.167165264,22.19715881,0.021760188,0,21:53.5,,
5.00E-05,0.279259503,0.115976311,0.001816418,0.161466792,22.83606339,0.021712853,0,22:24.1,,
5.00E-05,0.286201388,0.129337147,0.001697689,0.155166551,21.55261612,0.021649411,0,22:54.7,,
5.00E-05,0.289515495,0.124425776,0.001535452,0.163554281,21.89072418,0.021606294,0,23:25.1,,
5.00E-05,0.290056646,0.130908892,0.001588139,0.157559618,21.5997982,0.021598134,0,23:55.6,,
5.00E-05,0.290042639,0.126261771,0.001687867,0.162093014,21.61112976,0.021576405,0,24:26.0,,
5.00E-05,0.300653279,0.124517284,0.00187294,0.174263075,21.73909378,0.021528637,0,24:58.7,,
5.00E-05,0.288032204,0.115069285,0.001659314,0.171303615,21.82265854,0.02150633,0,25:29.2,,
5.00E-05,0.302764267,0.130682975,0.001637015,0.17044428,21.490242,0.021409808,0,25:59.7,,
5.00E-05,0.27317071,0.118465945,0.001586032,0.15311873,22.45907784,0.021354092,0,26:30.1,,
5.00E-05,0.287009358,0.120766506,0.001631559,0.164611295,21.82517242,0.021330798,0,27:00.6,,
5.00E-05,0.277005166,0.116625741,0.001609856,0.158769563,22.935812,0.021268634,0,27:31.2,,
5.00E-05,0.270632714,0.119838677,0.001641689,0.149152339,22.37893867,0.021224814,0,28:01.7,,
5.00E-05,0.275100619,0.119173579,0.001601435,0.154325604,22.47340775,0.021183802,0,28:32.1,,
5.00E-05,0.269945353,0.112779975,0.001619422,0.15554595,23.42737579,0.021118902,0,29:02.7,,
5.00E-05,0.279770106,0.121924423,0.001599659,0.156246021,22.12148285,0.021061288,0,29:33.1,,
5.00E-05,0.284756154,0.117043391,0.001610733,0.166102022,21.962183,0.021030318,0,30:03.7,,
5.00E-05,0.275649965,0.126336396,0.001592539,0.147721037,21.39106369,0.021013368,0,30:34.1,,
5.00E-05,0.278996915,0.122068293,0.001746002,0.155182615,22.48150826,0.020979436,0,31:04.6,,
5.00E-05,0.279585689,0.112812541,0.001643612,0.165129527,22.86787224,0.020990793,0,31:35.1,,
5.00E-05,0.282402575,0.125508502,0.001789414,0.155104652,21.46279335,0.020987708,0,32:05.6,,
5.00E-05,0.276513159,0.119067453,0.001710832,0.155734867,22.40363884,0.020965599,0,32:36.0,,
5.00E-05,0.286602855,0.114904881,0.001746686,0.169951275,22.59760857,0.020974386,0,33:06.4,,
5.00E-05,0.271253407,0.113421001,0.001631706,0.156200707,23.12339401,0.020969504,0,33:36.9,,
5.00E-05,0.266707927,0.121121094,0.00162994,0.1439569,21.99250793,0.020937074,0,34:07.5,,
5.00E-05,0.271570951,0.116084576,0.001709853,0.153776512,22.2459259,0.020902548,0,34:37.9,,
5.00E-05,0.284564435,0.114395998,0.001735035,0.168433398,23.21531677,0.020902939,0,35:08.5,,
5.00E-05,0.278403044,0.118135214,0.001619166,0.15864867,22.14940834,0.020844527,0,35:38.8,,
5.00E-05,0.284523696,0.120310418,0.001605201,0.162608072,22.61710739,0.020765485,0,36:09.5,,
5.00E-05,0.263287902,0.108339585,0.001657013,0.1532913,23.27444077,0.020716809,0,36:39.9,,
5.00E-05,0.28031522,0.119258061,0.00168748,0.159369692,22.55937576,0.02067234,0,37:10.5,,
5.00E-05,0.275734872,0.118612297,0.0015616,0.155560985,22.69961548,0.020663785,0,37:41.0,,
5.00E-05,0.282713413,0.124251805,0.00157487,0.156886727,22.09017944,0.020616103,0,38:11.5,,
5.00E-05,0.290138304,0.123791173,0.001722228,0.164624885,22.08304405,0.020555649,0,38:42.1,,
5.00E-05,0.288069904,0.124946654,0.001669582,0.161453649,21.72884941,0.020509237,0,39:12.7,,
5.00E-05,0.2752316,0.123111278,0.001553688,0.150566623,22.13546944,0.02045122,0,39:43.1,,
5.00E-05,0.280742854,0.118639842,0.00168566,0.160417363,22.49237061,0.020459749,0,40:13.7,,
5.00E-05,0.2704795,0.116410553,0.001899124,0.152169824,21.93255615,0.020375149,0,40:44.1,,
5.00E-05,0.273360014,0.115428239,0.001660747,0.156271011,22.7483139,0.020338783,0,41:15.0,,
5.00E-05,0.285811633,0.118993618,0.001623171,0.165194839,22.08721924,0.020276185,0,41:45.6,,
5.00E-05,0.294118077,0.120829031,0.001671245,0.171617791,21.58751488,0.020213783,0,42:16.1,,
5.00E-05,0.278891444,0.118611313,0.001681377,0.158598766,22.78086472,0.020226868,0,42:46.6,,
5.00E-05,0.284152418,0.122182116,0.001730001,0.160240307,21.86092758,0.020148726,0,43:17.1,,
5.00E-05,0.292547017,0.118984155,0.001709522,0.171853349,22.31497192,0.020134632,0,43:47.5,,
5.00E-05,0.281110108,0.122725047,0.001660331,0.156724736,21.91453743,0.020105723,0,44:20.2,,
5.00E-05,0.283937603,0.118390515,0.001585261,0.163961828,22.10097313,0.020068638,0,44:50.6,,
5.00E-05,0.295738578,0.124758974,0.001706628,0.169272974,21.76194954,0.020019883,0,45:21.2,,
5.00E-05,0.277501911,0.112881668,0.001601561,0.163018674,22.87771034,0.019963522,0,45:51.7,,
5.00E-05,0.274647892,0.123720132,0.001445933,0.149481818,21.3215847,0.019883532,0,46:22.2,,
5.00E-05,0.270081162,0.113483056,0.001622118,0.154975981,22.84438896,0.019834239,0,46:52.8,,
5.00E-05,0.293290257,0.121928975,0.001746954,0.169614315,22.26911545,0.01987722,0,47:23.3,,
5.00E-05,0.282968879,0.128312901,0.001651715,0.153004244,21.35348511,0.019816207,0,47:53.8,,
5.00E-05,0.291249216,0.127154812,0.001740774,0.16235362,21.91989708,0.019719848,0,48:24.4,,
5.00E-05,0.279058516,0.122454487,0.001803844,0.154800177,21.50388908,0.01964747,0,48:54.7,,
5.00E-05,0.300562024,0.125883311,0.0016239,0.173054799,21.17964172,0.019609867,0,49:25.3,,
5.00E-05,0.288326621,0.119023822,0.001689978,0.167612821,21.90655708,0.019579474,0,49:55.8,,
5.00E-05,0.289749175,0.120796077,0.001571537,0.16738157,22.53497887,0.019474322,0,50:26.3,,
5.00E-05,0.2926808,0.118323416,0.001806968,0.172550425,21.89266586,0.019434229,0,50:56.8,,
5.00E-05,0.289019167,0.126643345,0.001610123,0.160765693,21.83753586,0.01940259,0,51:27.4,,
5.00E-05,0.269382417,0.117817327,0.001551735,0.150013342,22.22198486,0.019337723,0,51:57.9,,
5.00E-05,0.28934443,0.124969743,0.001618985,0.162755713,22.24935532,0.019289562,0,52:28.4,,
5.00E-05,0.291260153,0.1227322,0.001669393,0.166858569,22.0450573,0.01926169,0,52:58.8,,
5.00E-05,0.282204986,0.118122578,0.001551668,0.16253075,22.08010864,0.019223629,0,53:29.4,,
5.00E-05,0.277960658,0.119677275,0.001623743,0.156659633,22.00990677,0.019140303,0,53:59.9,,
5.00E-05,0.277499527,0.122290418,0.001848739,0.153360367,21.46738815,0.019091377,0,54:30.4,,
5.00E-05,0.268258005,0.109384261,0.001641718,0.157232031,22.40471077,0.019040219,0,55:01.0,,
5.00E-05,0.277621865,0.121381968,0.00167454,0.154565349,22.08690643,0.019027613,0,55:31.5,,
5.00E-05,0.28551957,0.125680566,0.001829822,0.158009186,22.12678719,0.018947907,0,56:02.0,,
5.00E-05,0.284263223,0.120120376,0.001734082,0.162408754,21.97003555,0.018938318,0,56:32.6,,
5.00E-05,0.280675888,0.116570063,0.001641054,0.162464783,22.48428726,0.018915968,0,57:03.1,,
5.00E-05,0.282132655,0.128115535,0.001679867,0.152337253,21.5234108,0.018902101,0,57:33.7,,
5.00E-05,0.296829641,0.125670776,0.001615529,0.169543356,21.61752319,0.018840935,0,58:04.2,,
5.00E-05,0.279253304,0.119148187,0.001928394,0.158176705,22.31428337,0.018800108,0,58:34.8,,
5.00E-05,0.285273492,0.119961165,0.001759635,0.163552687,22.26597023,0.018702941,0,59:05.3,,
5.00E-05,0.27294147,0.121504955,0.001779373,0.14965716,22.2640152,0.018642079,0,59:35.8,,
5.00E-05,0.282319725,0.124781348,0.001756455,0.15578191,21.694664,0.018679626,0,00:06.3,,
5.00E-05,0.289124638,0.121121496,0.001571398,0.166431755,21.64211082,0.018604428,0,00:36.8,,
5.00E-05,0.277835906,0.118283048,0.001714124,0.157838747,22.39577866,0.018551117,0,01:07.2,,
5.00E-05,0.261011571,0.110394254,0.001737028,0.148880288,22.86697578,0.018551188,0,01:38.1,,
5.00E-05,0.287574917,0.116492003,0.00161959,0.169463322,21.82529068,0.018508378,0,02:08.6,,
5.00E-05,0.269422024,0.109464087,0.001872425,0.15808551,23.43213272,0.018425038,0,02:41.4,,
5.00E-05,0.298063487,0.125835016,0.001744141,0.170484334,21.62184143,0.01839659,0,03:11.9,,
5.00E-05,0.276071608,0.117666632,0.001861963,0.156543031,22.10122299,0.01833524,0,03:42.5,,
5.00E-05,0.267647207,0.111130506,0.001745374,0.154771313,23.14269257,0.018271064,0,04:12.9,,
5.00E-05,0.2904796,0.116924331,0.001787383,0.17176789,22.73821068,0.018267956,0,04:43.5,,
5.00E-05,0.275444537,0.118505649,0.001792502,0.155146375,22.443573,0.018176667,0,05:13.9,,
5.00E-05,0.280760586,0.121721014,0.001831027,0.157208547,22.18304634,0.018040977,0,05:44.4,,
5.00E-05,0.273925304,0.11805255,0.001753807,0.15411894,22.30038643,0.018083051,0,06:14.9,,
5.00E-05,0.26982376,0.11225801,0.001698033,0.155867711,23.18193245,0.018066004,0,06:45.5,,
5.00E-05,0.288249075,0.122612655,0.001793223,0.1638432,22.02342606,0.017980672,0,07:16.0,,
5.00E-05,0.272705644,0.112881169,0.001833537,0.157990932,22.7290802,0.017954163,0,07:46.7,,
5.00E-05,0.274743557,0.120314352,0.001724009,0.152705207,21.4135704,0.017913289,0,08:17.1,,
5.00E-05,0.277499497,0.111028694,0.001755441,0.164715365,23.14344788,0.017887894,0,08:47.7,,
5.00E-05,0.292698383,0.120911315,0.001664861,0.170122206,22.17268753,0.017817594,0,09:18.3,,
5.00E-05,0.275456518,0.11744678,0.001704,0.156305745,22.32843208,0.017724475,0,09:48.9,,
5.00E-05,0.288626075,0.121957667,0.001650293,0.165018111,21.91774559,0.017671986,0,10:19.4,,
5.00E-05,0.274930656,0.113695741,0.001872976,0.159361944,22.5941124,0.017640321,0,10:49.9,,
5.00E-05,0.284561872,0.11530707,0.001744013,0.167510793,22.22249031,0.017549215,0,11:29.7,,
5.00E-05,0.283734173,0.12448208,0.003098853,0.156153232,21.73736572,0.01755299,0,12:00.3,,
5.00E-05,0.286370903,0.11979346,0.003061556,0.163515896,22.23267555,0.017484972,0,12:30.8,,
5.00E-05,0.282551795,0.11808721,0.002822964,0.161641613,22.04543686,0.01745908,0,13:01.3,,
5.00E-05,0.270058393,0.119397059,0.002840705,0.147820622,21.82362366,0.0173993,0,13:31.8,,
5.00E-05,0.282248437,0.117392734,0.002820279,0.162035421,22.66563416,0.017356144,0,14:02.4,,
5.00E-05,0.282530129,0.122967884,0.002820382,0.156741843,21.78457069,0.017320767,0,14:32.9,,
5.00E-05,0.257031828,0.110489197,0.002626259,0.143916368,22.85378647,0.017314836,0,15:03.6,,
5.00E-05,0.267473221,0.119387947,0.002534132,0.14555113,22.02101517,0.017313005,0,15:34.0,,
5.00E-05,0.277968228,0.109455563,0.002751436,0.165761247,22.69041061,0.017260686,0,16:04.7,,
5.00E-05,0.287664771,0.118085504,0.00264534,0.166933924,21.95441437,0.017267676,0,16:35.2,,
5.00E-05,0.283669025,0.12033163,0.002588802,0.160748601,21.99354172,0.017233368,0,17:05.7,,
5.00E-05,0.287616491,0.114394762,0.002549311,0.170672432,21.84932709,0.017223477,0,17:36.3,,
5.00E-05,0.283246994,0.123576261,0.002509645,0.157161102,22.25376511,0.017165812,0,18:06.8,,
5.00E-05,0.281467378,0.113068491,0.002438567,0.165960312,22.65374947,0.017135177,0,18:37.4,,
5.00E-05,0.289090306,0.122800775,0.002619725,0.16366981,21.61371422,0.01711775,0,19:07.9,,
5.00E-05,0.291233361,0.12104363,0.002614545,0.167575181,22.11193466,0.017092351,0,19:38.4,,
5.00E-05,0.261113405,0.110468313,0.002381228,0.148263872,23.02341843,0.017024431,0,20:09.0,,
5.00E-05,0.281846106,0.116578124,0.002506317,0.162761658,22.21145821,0.016982824,0,20:39.5,,
5.00E-05,0.285743445,0.116342492,0.00242192,0.16697903,22.44482422,0.016934747,0,21:10.1,,
5.00E-05,0.260380924,0.114211738,0.00238659,0.143782601,22.35825348,0.016896425,0,21:40.6,,
5.00E-05,0.286609918,0.112793937,0.002428511,0.171387464,23.15902901,0.016827744,0,22:13.5,,
5.00E-05,0.285203099,0.120946445,0.002355291,0.161901355,21.53026199,0.016814854,0,22:44.1,,
5.00E-05,0.283261567,0.115980819,0.002499903,0.164780855,22.71474838,0.016753126,0,23:14.6,,
5.00E-05,0.284637928,0.11940176,0.002254913,0.162981257,21.88295555,0.016699759,0,23:45.1,,
5.00E-05,0.28562659,0.117399141,0.002178939,0.166048512,22.82097626,0.016618963,0,24:15.8,,
5.00E-05,0.269966125,0.11165195,0.002367695,0.155946463,23.03031731,0.01659235,0,24:46.3,,
5.00E-05,0.276031613,0.116657466,0.00237271,0.157001421,22.18561935,0.016535852,0,25:16.8,,
5.00E-05,0.296251327,0.117878176,0.002423217,0.175949931,22.19937325,0.016459232,0,25:47.3,,
5.00E-05,0.282435268,0.117064387,0.00226831,0.163102567,22.10157585,0.016385436,0,26:17.9,,
5.00E-05,0.288881004,0.115744241,0.002459301,0.170677468,21.93568039,0.016367506,0,26:48.4,,
5.00E-05,0.265865862,0.112201318,0.00244416,0.151220381,22.53087234,0.016309489,0,27:19.0,,
5.00E-05,0.267184913,0.104466327,0.00232872,0.16038987,23.93861008,0.016253745,0,27:49.5,,
5.00E-05,0.289405912,0.123313718,0.002311179,0.163781017,21.41610146,0.016161807,0,28:20.0,,
5.00E-05,0.265655726,0.112751544,0.002218572,0.150685608,22.67817688,0.016054545,0,28:50.5,,
5.00E-05,0.296642512,0.124983802,0.002344927,0.169313788,22.01696777,0.016037313,0,29:21.1,,
5.00E-05,0.276257277,0.120948784,0.002449497,0.152859002,21.49134064,0.016026273,0,29:51.6,,
5.00E-05,0.275645196,0.106494308,0.00216619,0.166984707,23.15454865,0.015993401,0,30:22.1,,
5.00E-05,0.269753635,0.110124841,0.002332852,0.157295942,23.14896393,0.015910324,0,30:52.6,,
5.00E-05,0.292453974,0.119121879,0.002182252,0.17114985,22.04468727,0.015917001,0,31:23.2,,
5.00E-05,0.27677983,0.11994113,0.002260059,0.154578656,21.67152786,0.015868969,0,31:53.7,,
5.00E-05,0.283804536,0.121515386,0.002229945,0.160059199,21.80042648,0.015767662,0,32:24.2,,
5.00E-05,0.275801361,0.116212659,0.002206022,0.157382667,22.23983383,0.015705217,0,32:54.7,,
5.00E-05,0.273220271,0.111071594,0.002250185,0.15989849,23.48821259,0.015664276,0,33:25.3,,
5.00E-05,0.269097656,0.116022497,0.002218849,0.150856301,22.5923748,0.015602039,0,33:55.7,,
5.00E-05,0.275780201,0.113116734,0.002150855,0.160512611,22.13299561,0.01551157,0,34:26.3,,
5.00E-05,0.279883653,0.116259187,0.002118404,0.161506057,22.32828903,0.015449724,0,34:56.8,,
5.00E-05,0.286536217,0.118202895,0.002169949,0.16616337,21.6064682,0.015415286,0,35:27.4,,
5.00E-05,0.279743016,0.114284605,0.002219381,0.163239047,23.22524071,0.015349419,0,35:57.8,,
5.00E-05,0.296499044,0.120375916,0.002181879,0.17394124,21.5784626,0.015311931,0,36:28.4,,
5.00E-05,0.283727407,0.113563001,0.002232684,0.167931721,22.89362144,0.015217859,0,36:58.9,,
5.00E-05,0.281150967,0.116682239,0.00227973,0.162188992,22.48199844,0.015192331,0,37:29.5,,
5.00E-05,0.284209728,0.120699108,0.002161593,0.161349028,22.07315826,0.015141698,0,38:00.0,,
5.00E-05,0.289060742,0.114899613,0.002246065,0.171915069,22.34120941,0.015069677,0,38:30.6,,
5.00E-05,0.288603932,0.120493919,0.002153105,0.1659569,22.20079613,0.014984922,0,39:01.0,,
5.00E-05,0.281314671,0.112503447,0.002253436,0.166557774,23.04815292,0.014905611,0,39:31.6,,
5.00E-05,0.269099087,0.109012261,0.002257318,0.157829508,22.53353119,0.014831289,0,40:02.1,,
5.00E-05,0.289825141,0.126382723,0.002170849,0.161271557,21.72553635,0.014809148,0,40:32.7,,
5.00E-05,0.300610423,0.121499971,0.002297507,0.176812947,21.74567032,0.014741189,0,41:05.2,,
5.00E-05,0.282860875,0.125032544,0.002139454,0.155688867,21.28895569,0.014643347,0,41:35.8,,
5.00E-05,0.276188552,0.118014984,0.002216381,0.155957177,22.14156151,0.014591616,0,42:06.2,,
5.00E-05,0.274709612,0.116242386,0.002110605,0.156356618,22.07932281,0.014512906,0,42:37.0,,
5.00E-05,0.26648891,0.109030448,0.002157977,0.155300483,22.39257813,0.014467164,0,43:07.6,,
5.00E-05,0.277906686,0.119718231,0.002124474,0.156063974,22.19322586,0.014435506,0,43:38.2,,
5.00E-05,0.275883675,0.111461319,0.002188342,0.162234008,22.61665726,0.014366371,0,44:08.7,,
5.00E-05,0.283336341,0.119662918,0.002207208,0.161466226,21.62555313,0.01429142,0,44:39.4,,
5.00E-05,0.270214736,0.115366481,0.002200701,0.15264757,22.63935852,0.014188034,0,45:09.8,,
5.00E-05,0.289004207,0.125849813,0.002165877,0.160988495,21.36481476,0.01414058,0,45:40.3,,
5.00E-05,0.268927932,0.11749509,0.00212897,0.149303854,22.2620182,0.014099355,0,46:10.8,,
5.00E-05,0.273834527,0.109027661,0.002174838,0.162632033,23.18490219,0.014002221,0,46:41.3,,
5.00E-05,0.299331099,0.123621777,0.002106389,0.173602939,22.0400238,0.013958422,0,47:11.8,,
5.00E-05,0.280439436,0.116422728,0.002233622,0.161783084,22.25922585,0.01392829,0,47:42.4,,
5.00E-05,0.274326563,0.112025455,0.002228575,0.16007255,22.66630173,0.013873744,0,48:12.9,,
5.00E-05,0.27991727,0.121822663,0.002221031,0.155873582,21.75224113,0.013813305,0,48:43.5,,
5.00E-05,0.284293771,0.119449362,0.002127295,0.162717119,22.36465073,0.013709866,0,49:14.0,,
5.00E-05,0.2686643,0.11048013,0.002254731,0.155929446,23.6098175,0.013649628,0,49:44.6,,
5.00E-05,0.277960479,0.112154864,0.002202692,0.163602918,23.05538177,0.013647525,0,50:15.1,,
5.00E-05,0.275421917,0.117224388,0.002335396,0.155862138,21.66696739,0.013608028,0,50:45.6,,
5.00E-05,0.281416476,0.118903749,0.002261073,0.160251647,21.85909081,0.013553367,0,51:16.2,,
5.00E-05,0.275577158,0.116724923,0.002170925,0.156681314,22.6069603,0.013448348,0,51:46.9,,
5.00E-05,0.276387811,0.114524104,0.002218026,0.159645692,22.40064621,0.013375648,0,52:17.4,,
5.00E-05,0.278512299,0.12082807,0.002115721,0.155568495,21.98653221,0.013355176,0,52:47.9,,
5.00E-05,0.29425174,0.121016696,0.002137867,0.171097189,22.21912193,0.013288477,0,53:18.5,,
5.00E-05,0.281492859,0.108865924,0.002220072,0.170406863,23.10131073,0.013259279,0,53:49.1,,
5.00E-05,0.278763205,0.111473024,0.002044539,0.165245652,22.77568817,0.013222464,0,54:19.7,,
5.00E-05,0.280687928,0.11287301,0.002301653,0.165513262,22.81813049,0.013171108,0,54:50.2,,
5.00E-05,0.267061412,0.111033328,0.002342677,0.153685406,23.45994949,0.013099349,0,55:20.7,,
5.00E-05,0.285082966,0.126984239,0.002228441,0.155870289,21.48376846,0.013063856,0,55:51.3,,
5.00E-05,0.280159801,0.116780408,0.00207493,0.161304474,22.45574188,0.013088573,0,56:21.8,,
5.00E-05,0.270307422,0.116694599,0.002228376,0.151384443,22.33382988,0.013043565,0,56:52.4,,
5.00E-05,0.291340023,0.109690256,0.002055455,0.179594323,22.95998573,0.01301979,0,57:22.9,,
5.00E-05,0.284612805,0.117657021,0.002034295,0.164921492,22.29887962,0.013016582,0,57:53.6,,
5.00E-05,0.268344283,0.113305159,0.002109964,0.152929172,22.72481728,0.012975897,0,58:24.1,,
5.00E-05,0.275287628,0.113213085,0.002171063,0.159903467,22.32710266,0.01296581,0,58:54.8,,
5.00E-05,0.273189068,0.119551182,0.00214049,0.151497409,21.6713562,0.012971307,0,59:25.4,,
5.00E-05,0.285248041,0.119516723,0.002272452,0.163458854,21.77496719,0.012967633,0,59:58.1,,
5.00E-05,0.275666833,0.115173623,0.002169617,0.158323586,22.85547447,0.012960128,0,00:28.6,,
5.00E-05,0.273985177,0.106625386,0.002024666,0.165335134,23.42766571,0.012937012,0,00:59.1,,
5.00E-05,0.291253269,0.116030663,0.002320514,0.172902092,22.43864822,0.012989311,0,01:29.6,,
5.00E-05,0.283444643,0.112992793,0.002240246,0.168211609,22.21129227,0.0130719,0,02:00.2,,
5.00E-05,0.279732645,0.111355171,0.002293641,0.166083843,23.04459381,0.013072637,0,02:39.8,,
,,,,,,,0,03:01.4,0.936237574,14.42174149
5.00E-05,0.28058815,0.114882015,0.002493995,0.163212135,22.53744507,0.013099638,0,03:32.7,,
5.00E-05,0.287814319,0.122349098,0.002377876,0.163087353,21.59513092,0.01312618,0,04:03.2,,
5.00E-05,0.26945129,0.114514627,0.002330364,0.152606308,22.20636177,0.013160743,0,04:33.7,,
5.00E-05,0.274218947,0.115234427,0.002112553,0.15687196,22.00568008,0.013154369,0,05:04.2,,
5.00E-05,0.273223191,0.114393979,0.00216128,0.156667933,22.96362686,0.013182664,0,05:34.8,,
5.00E-05,0.268209398,0.1075918,0.002224864,0.158392727,23.25542068,0.013197361,0,06:05.2,,
5.00E-05,0.279128879,0.117119461,0.002190338,0.159819081,22.52581024,0.013192097,0,06:35.9,,
5.00E-05,0.280690938,0.119458005,0.002174611,0.159058318,21.79813004,0.013233653,0,07:06.4,,
5.00E-05,0.2919617,0.116780147,0.002090636,0.17309092,22.65806198,0.013223221,0,07:36.9,,
5.00E-05,0.25793156,0.107156038,0.002077392,0.148698136,23.58396912,0.013223845,0,08:07.4,,
5.00E-05,0.267116398,0.113335446,0.001978106,0.151802838,22.63393021,0.013217723,0,08:38.0,,
5.00E-05,0.272805065,0.119253561,0.002052952,0.151498541,21.55511665,0.013223964,0,09:08.4,,
5.00E-05,0.287598878,0.121405557,0.002022773,0.164170548,22.30965805,0.013205181,0,09:39.0,,
5.00E-05,0.289502472,0.121939927,0.001925608,0.165636927,21.70274925,0.013206333,0,10:09.5,,
5.00E-05,0.287336767,0.119741067,0.001964557,0.16563116,22.1728096,0.013241922,0,10:40.1,,
5.00E-05,0.277958691,0.115976274,0.001833537,0.160148874,22.16095924,0.013260424,0,11:10.6,,
5.00E-05,0.284707278,0.121048436,0.002061313,0.161597535,22.10987854,0.013244682,0,11:41.1,,
5.00E-05,0.262630373,0.111566544,0.00191573,0.149148107,22.92029953,0.013237107,0,12:11.7,,
5.00E-05,0.271621168,0.118098766,0.00189119,0.151631206,22.04325485,0.013210679,0,12:42.1,,
5.00E-05,0.28866303,0.112244517,0.001770599,0.174647912,22.88437843,0.013220402,0,13:12.6,,
5.00E-05,0.270645618,0.103550859,0.001841771,0.165252998,23.68860626,0.013218896,0,13:43.2,,
5.00E-05,0.26218304,0.107114777,0.001704257,0.153364018,22.57616425,0.013196588,0,14:13.7,,
5.00E-05,0.283919275,0.112241112,0.0018544,0.169823766,22.77860451,0.013173213,0,14:44.3,,
5.00E-05,0.282450646,0.118321389,0.001987712,0.162141547,21.98524857,0.0132045,0,15:14.8,,
5.00E-05,0.275011957,0.111667261,0.00172901,0.1616157,22.91440201,0.013234941,0,15:45.5,,
5.00E-05,0.287694454,0.12834236,0.001933246,0.157418847,21.22639847,0.013237257,0,16:16.0,,
5.00E-05,0.254225194,0.104835242,0.001626644,0.147763297,23.7074852,0.013272063,0,16:46.6,,
5.00E-05,0.283937991,0.119250402,0.001766774,0.162920803,22.41823959,0.013253963,0,17:17.0,,
5.00E-05,0.293713391,0.115549982,0.00169481,0.176468596,22.1710968,0.013212663,0,17:47.5,,
5.00E-05,0.26288715,0.105413847,0.001805275,0.155668035,23.46252823,0.013195186,0,18:18.0,,
5.00E-05,0.278917491,0.121089406,0.001805598,0.156022489,22.17442322,0.01316844,0,18:48.5,,
5.00E-05,0.273317367,0.107596725,0.001704822,0.164015815,22.76119995,0.013163324,0,19:21.3,,
5.00E-05,0.269656181,0.10932371,0.001667421,0.158665046,23.16883469,0.01313527,0,19:52.0,,
5.00E-05,0.290858507,0.119708568,0.001791055,0.169358894,22.17466354,0.013136066,0,20:22.6,,
5.00E-05,0.287726104,0.120241456,0.001794809,0.165689856,21.91937447,0.013139286,0,20:53.2,,
5.00E-05,0.254427493,0.105156332,0.001564899,0.147706255,23.69350815,0.013132441,0,21:23.6,,
5.00E-05,0.289415181,0.117840126,0.001633495,0.169941574,22.61663246,0.013143504,0,21:54.2,,
5.00E-05,0.260259241,0.106036104,0.001642773,0.152580366,23.47232628,0.013136499,0,22:24.6,,
5.00E-05,0.287145764,0.108293198,0.001740719,0.177111849,23.20715141,0.013115206,0,22:55.2,,
5.00E-05,0.282958299,0.116829373,0.001780015,0.164348915,21.87481117,0.013111073,0,23:25.7,,
5.00E-05,0.257976174,0.106535666,0.001701218,0.14973928,23.27619362,0.013135803,0,23:56.5,,
5.00E-05,0.268734783,0.11274948,0.00170427,0.154281035,22.42478371,0.01312797,0,24:27.0,,
5.00E-05,0.269189656,0.113878131,0.001726652,0.153584883,22.73573303,0.013150374,0,24:57.6,,
5.00E-05,0.284981787,0.11370942,0.001760183,0.169512197,22.53271294,0.013168088,0,25:28.1,,
5.00E-05,0.282311141,0.114674278,0.001662511,0.165974334,21.63639069,0.013175224,0,25:58.6,,
5.00E-05,0.259500533,0.102700412,0.001656256,0.155143872,23.69529343,0.01313556,0,26:29.0,,
5.00E-05,0.259679347,0.1055393,0.001645776,0.152494267,23.14465332,0.013138565,0,26:59.7,,
5.00E-05,0.287730813,0.123617686,0.001718289,0.162394822,21.45115662,0.013112373,0,27:30.1,,
5.00E-05,0.282674551,0.121580027,0.001614528,0.159479991,21.45714188,0.013099374,0,28:00.7,,
5.00E-05,0.268709362,0.112737268,0.001636354,0.154335752,21.60256958,0.01310013,0,28:31.3,,
5.00E-05,0.272457272,0.11664737,0.001512081,0.154297829,22.06674957,0.013085141,0,29:01.9,,
5.00E-05,0.276333839,0.112206094,0.001414801,0.162712947,22.93452072,0.01301933,0,29:32.4,,
5.00E-05,0.271185845,0.113429546,0.001566284,0.156190023,22.37757874,0.013014346,0,30:02.9,,
5.00E-05,0.272155613,0.1145638,0.001611618,0.1559802,22.72289658,0.013020914,0,30:33.4,,
5.00E-05,0.265799165,0.104491524,0.001660821,0.159646809,23.04422379,0.013020431,0,31:04.0,,
5.00E-05,0.273879856,0.115733944,0.001712277,0.156433627,22.44216728,0.012975818,0,31:34.6,,
5.00E-05,0.269531935,0.109093502,0.001612935,0.158825502,23.54451752,0.012974091,0,32:05.1,,
5.00E-05,0.274512589,0.11624182,0.001568858,0.156701908,22.16394806,0.012946387,0,32:35.6,,
5.00E-05,0.283558458,0.121171303,0.001584037,0.160803109,21.63395882,0.012942621,0,33:06.1,,
5.00E-05,0.279770195,0.117856793,0.001594455,0.160318956,21.60464478,0.012929851,0,33:36.7,,
5.00E-05,0.253273904,0.106826864,0.001563639,0.144883409,22.92689323,0.012906561,0,34:07.3,,
5.00E-05,0.269224763,0.108021028,0.00156624,0.159637481,22.85660553,0.01287456,0,34:37.8,,
5.00E-05,0.264965862,0.111264743,0.001685242,0.15201588,23.04920197,0.012868155,0,35:08.4,,
5.00E-05,0.262756914,0.109119274,0.001586967,0.152050674,23.25073433,0.012883627,0,35:38.9,,
5.00E-05,0.276284933,0.116744198,0.001445131,0.158095598,22.35007095,0.012902304,0,36:09.5,,
5.00E-05,0.27959913,0.111856975,0.001661144,0.166080996,23.13681602,0.012872186,0,36:40.0,,
5.00E-05,0.275940657,0.104384735,0.001515612,0.170040295,23.37439537,0.012863149,0,37:10.6,,
5.00E-05,0.281988174,0.113357455,0.001682961,0.166947767,22.89736748,0.012858132,0,37:41.2,,
5.00E-05,0.272050947,0.107645676,0.001494264,0.162910998,23.53444099,0.012857304,0,38:13.8,,
5.00E-05,0.281812966,0.121702671,0.001638006,0.1584723,22.0268364,0.012851451,0,38:44.3,,
5.00E-05,0.276732147,0.115255848,0.001527077,0.159949228,22.19403076,0.012898741,0,39:14.9,,
5.00E-05,0.277092487,0.112272881,0.001507506,0.163312107,22.85983849,0.012897924,0,39:45.3,,
5.00E-05,0.273901701,0.107550658,0.001763031,0.164588019,22.8211937,0.012864044,0,40:15.9,,
5.00E-05,0.264259577,0.10906785,0.001515737,0.153676003,22.54548264,0.012867663,0,40:46.4,,
5.00E-05,0.284437895,0.111402072,0.001567859,0.171467975,22.99864769,0.012846396,0,41:16.9,,
5.00E-05,0.255030066,0.107470453,0.00148175,0.146077856,22.88006783,0.012849661,0,41:47.4,,
5.00E-05,0.263844252,0.108587794,0.001665154,0.15359132,23.14367294,0.012835778,0,42:18.0,,
5.00E-05,0.274733245,0.11048504,0.001434111,0.162814096,22.08158684,0.012831673,0,42:48.5,,
5.00E-05,0.271261752,0.112363048,0.001603118,0.1572956,22.55254364,0.012806037,0,43:19.0,,
5.00E-05,0.274130702,0.113410816,0.001614031,0.159105852,22.44911575,0.012817239,0,43:49.5,,
5.00E-05,0.265533686,0.115325607,0.001686586,0.148521483,22.16900635,0.012812871,0,44:20.3,,
5.00E-05,0.268821061,0.107050776,0.001681233,0.160089046,23.1601944,0.012747111,0,44:50.9,,
5.00E-05,0.271784842,0.115243711,0.00157381,0.154967308,22.29986572,0.012720856,0,45:21.5,,
5.00E-05,0.269779116,0.112560511,0.001479011,0.155739591,22.60730553,0.012699207,0,45:51.9,,
5.00E-05,0.259083539,0.104907498,0.001550427,0.15262562,23.5963707,0.012678448,0,46:22.6,,
5.00E-05,0.271492362,0.108875647,0.001505075,0.161111653,22.96475983,0.012679706,0,46:53.1,,
5.00E-05,0.273188472,0.110973008,0.001650784,0.160564676,22.7816124,0.012670211,0,47:23.7,,
5.00E-05,0.273015738,0.116156682,0.001565667,0.155293405,22.53726959,0.012642045,0,47:54.4,,
5.00E-05,0.254571855,0.106664486,0.001536686,0.146370694,23.41153145,0.012635482,0,48:25.0,,
5.00E-05,0.284997702,0.119025655,0.001531681,0.164440379,21.89195824,0.012630862,0,48:55.5,,
5.00E-05,0.286810786,0.122564405,0.001470988,0.162775397,21.61812782,0.012615478,0,49:26.1,,
5.00E-05,0.266966879,0.113157086,0.001530082,0.15227972,22.3759346,0.01260508,0,49:56.6,,
5.00E-05,0.267962188,0.115296789,0.001443629,0.151221767,22.10062218,0.012602172,0,50:27.2,,
5.00E-05,0.282717049,0.117023066,0.001601373,0.164092615,22.37916756,0.012575489,0,50:57.7,,
5.00E-05,0.273461342,0.11169526,0.001512069,0.160254017,22.68998146,0.012553101,0,51:28.2,,
5.00E-05,0.279464513,0.112940259,0.001504152,0.165020093,22.22032738,0.01251923,0,51:58.8,,
5.00E-05,0.279328704,0.119690709,0.001602413,0.158035576,21.8416996,0.012517248,0,52:29.3,,
5.00E-05,0.289854467,0.114204198,0.001472625,0.174177632,22.37490463,0.012527381,0,52:59.8,,
5.00E-05,0.281760186,0.114368327,0.001526627,0.165865242,22.73732948,0.012518688,0,53:30.4,,
5.00E-05,0.267937303,0.111404069,0.001466148,0.155067071,22.66227341,0.012531403,0,54:10.7,,
5.00E-05,0.280470729,0.116462037,0.001450496,0.162558183,21.92784882,0.01254598,0,54:41.3,,
5.00E-05,0.27949807,0.118302196,0.001766564,0.159429312,21.61400604,0.012541381,0,55:11.8,,
5.00E-05,0.275424212,0.11214219,0.00152029,0.161761731,22.679842,0.01252037,0,55:42.3,,
5.00E-05,0.268755078,0.110863656,0.001669454,0.156221971,22.55454254,0.012523212,0,56:12.9,,
5.00E-05,0.26799947,0.105555214,0.001665903,0.160778344,23.00894737,0.012522491,0,56:43.4,,
5.00E-05,0.265763819,0.114056535,0.001549837,0.150157437,22.78045845,0.012533566,0,57:16.1,,
5.00E-05,0.284617007,0.114161707,0.001425709,0.169029593,22.12070465,0.012506987,0,57:46.8,,
5.00E-05,0.277656496,0.118575282,0.001463004,0.15761821,21.19885254,0.012512445,0,58:17.3,,
5.00E-05,0.263403922,0.103496417,0.001509365,0.158398136,23.67206383,0.012504948,0,58:47.8,,
5.00E-05,0.275316179,0.110303462,0.001502459,0.163510248,23.06822205,0.012520437,0,59:18.2,,
5.00E-05,0.26513359,0.10908217,0.001478047,0.154573366,22.90509033,0.012487935,0,59:48.9,,
5.00E-05,0.273184448,0.111773126,0.001407509,0.160003811,22.60402489,0.012425211,0,00:19.4,,
5.00E-05,0.279674888,0.110780887,0.001410227,0.167483762,23.13002014,0.012431891,0,00:50.1,,
5.00E-05,0.270747513,0.11817725,0.001398494,0.151171774,22.25703239,0.012395682,0,01:20.6,,
5.00E-05,0.279829383,0.117647082,0.001618293,0.16056402,22.22935677,0.012410852,0,01:51.2,,
5.00E-05,0.294609964,0.115185663,0.00150864,0.177915648,22.17893219,0.012407639,0,02:21.7,,
5.00E-05,0.280598402,0.111430928,0.001633103,0.167534381,22.69374657,0.012404828,0,02:52.2,,
5.00E-05,0.268546939,0.108257361,0.001468481,0.158821091,23.10718155,0.012379538,0,03:22.7,,
5.00E-05,0.263019085,0.110400341,0.001365299,0.151253447,22.46289253,0.012358889,0,03:53.3,,
5.00E-05,0.265541822,0.116586216,0.00147677,0.147478834,22.47014236,0.012346161,0,04:23.8,,
5.00E-05,0.262919456,0.111892514,0.001698163,0.149328768,22.56180763,0.012337786,0,04:54.7,,
5.00E-05,0.28256768,0.107223965,0.00137571,0.173967987,22.94165039,0.012359442,0,05:25.2,,
5.00E-05,0.270901501,0.112530589,0.001428525,0.156942397,22.22294807,0.012332121,0,05:55.8,,
5.00E-05,0.282325,0.117059119,0.001441106,0.163824782,22.29447556,0.012306997,0,06:26.4,,
5.00E-05,0.281676114,0.114369862,0.001475668,0.165830582,22.04543877,0.0122978,0,06:57.0,,
5.00E-05,0.279298782,0.11290244,0.001589022,0.164807305,22.37314415,0.012281882,0,07:27.4,,
5.00E-05,0.262946516,0.108330555,0.001475358,0.153140604,23.34711266,0.012306916,0,07:58.1,,
5.00E-05,0.276306391,0.11300341,0.001344039,0.161958948,22.08664131,0.012288872,0,08:28.7,,
5.00E-05,0.27566579,0.109604374,0.001498419,0.164563,23.19561005,0.012292159,0,08:59.3,,
5.00E-05,0.27126056,0.114441574,0.001593613,0.155225381,22.36742401,0.012313718,0,09:29.8,,
5.00E-05,0.28046149,0.112266392,0.001396555,0.166798532,22.50585556,0.012305454,0,10:00.3,,
5.00E-05,0.296351731,0.126825705,0.001645147,0.167880878,20.96070099,0.012284958,0,10:30.9,,
5.00E-05,0.271722794,0.104520813,0.001527043,0.165674955,23.54973793,0.012261151,0,11:01.5,,
5.00E-05,0.265664071,0.106028453,0.001288489,0.15834713,23.01922035,0.012261063,0,11:32.0,,
5.00E-05,0.263537705,0.113581792,0.001392089,0.148563832,22.8475666,0.012227468,0,12:02.7,,
5.00E-05,0.267992318,0.109227628,0.001527133,0.157237574,22.9833107,0.0122112,0,12:33.1,,
5.00E-05,0.274888366,0.114213482,0.001409222,0.159265652,22.65693665,0.01221601,0,13:03.7,,
5.00E-05,0.274579108,0.107740931,0.001395882,0.165442303,22.63216209,0.012222804,0,13:34.3,,
5.00E-05,0.273877561,0.110633664,0.001477318,0.161766574,22.68741226,0.012238871,0,14:04.9,,
5.00E-05,0.272333711,0.114632435,0.001379868,0.156321406,22.42694473,0.012236042,0,14:35.4,,
5.00E-05,0.266986221,0.117039576,0.001527272,0.148419365,22.04629517,0.012213407,0,15:06.0,,
5.00E-05,0.284698755,0.114192151,0.001450148,0.16905646,22.15000534,0.012244324,0,15:36.6,,
5.00E-05,0.262984872,0.110078596,0.001544993,0.151361287,22.73281479,0.012242403,0,16:09.4,,
5.00E-05,0.268762618,0.10621915,0.001504599,0.161038861,22.97115326,0.012248324,0,16:39.9,,
5.00E-05,0.269184351,0.108228326,0.001616483,0.159339532,22.7843132,0.012227129,0,17:10.5,,
5.00E-05,0.269442797,0.109438308,0.001460069,0.158544406,22.70429802,0.012240179,0,17:41.0,,
5.00E-05,0.260700822,0.10611707,0.001685156,0.15289858,23.14551353,0.012224616,0,18:11.5,,
5.00E-05,0.275336742,0.116530664,0.00138396,0.15742211,22.51372147,0.012213884,0,18:42.0,,
5.00E-05,0.261981875,0.105042532,0.001561695,0.155377641,23.69622993,0.012183393,0,19:12.5,,
5.00E-05,0.281495392,0.110331461,0.00145723,0.169706687,23.16505241,0.012157956,0,19:43.1,,
5.00E-05,0.268090874,0.10934376,0.001533381,0.157213733,22.40260887,0.012132117,0,20:13.6,,
5.00E-05,0.272182375,0.111688897,0.001385937,0.159107551,22.71982002,0.012096676,0,20:44.1,,
5.00E-05,0.259024531,0.109453812,0.001352101,0.148218617,23.26819611,0.01208461,0,21:14.7,,
5.00E-05,0.279784381,0.110931888,0.001411858,0.167440638,22.56606293,0.012059231,0,21:45.3,,
5.00E-05,0.273471236,0.11287915,0.001371863,0.159220219,22.25511551,0.012057586,0,22:15.8,,
5.00E-05,0.277548134,0.118630573,0.001432689,0.157484874,21.87989426,0.01206268,0,22:46.4,,
5.00E-05,0.264460772,0.110578775,0.001371961,0.152510032,22.54787827,0.012056551,0,23:17.1,,
5.00E-05,0.279017538,0.106440268,0.0014406,0.171136662,22.99734306,0.012017779,0,23:47.7,,
5.00E-05,0.263509631,0.105384789,0.001462826,0.156662017,22.99852753,0.011996714,0,24:18.3,,
5.00E-05,0.272135347,0.109659657,0.001362831,0.16111286,22.73328972,0.012027978,0,24:48.7,,
5.00E-05,0.281369567,0.111459829,0.001405552,0.168504193,22.91861343,0.012044881,0,25:19.6,,
5.00E-05,0.253910989,0.106012255,0.001471022,0.146427721,23.46647644,0.012045175,0,25:50.1,,
5.00E-05,0.267342448,0.109974846,0.001300369,0.156067237,23.12678337,0.012024411,0,26:20.7,,
5.00E-05,0.292009532,0.114208765,0.001463185,0.176337585,21.86720848,0.011989573,0,26:51.2,,
5.00E-05,0.275285244,0.11333666,0.001463335,0.160485268,22.48577309,0.011961579,0,27:21.9,,
5.00E-05,0.266915977,0.102406122,0.001425302,0.163084537,23.894804,0.011943622,0,27:52.4,,
5.00E-05,0.26963672,0.117970958,0.001484249,0.150181517,21.92681122,0.011940757,0,28:22.9,,
5.00E-05,0.281815976,0.111350425,0.001327124,0.169138417,22.91145134,0.011928095,0,28:53.4,,
5.00E-05,0.270182699,0.109293602,0.001500169,0.15938893,22.8643837,0.011919022,0,29:24.0,,
5.00E-05,0.285976499,0.11568214,0.001455456,0.168838903,21.93186951,0.011920806,0,29:54.5,,
5.00E-05,0.27564913,0.103497073,0.001321691,0.170830369,23.71423721,0.011943365,0,30:25.0,,
5.00E-05,0.276710033,0.103842683,0.001408452,0.171458885,23.37916946,0.011911617,0,30:55.5,,
5.00E-05,0.269551188,0.110246539,0.00141852,0.157886118,22.68849373,0.011874777,0,31:26.0,,
5.00E-05,0.257223576,0.108459294,0.001418699,0.147345588,22.7728653,0.01183234,0,31:56.7,,
5.00E-05,0.260029852,0.110037893,0.001484475,0.148507476,22.33820915,0.011842004,0,32:27.3,,
5.00E-05,0.269170493,0.108812556,0.001450946,0.158906981,22.91291046,0.011824501,0,32:57.8,,
5.00E-05,0.276905119,0.114492513,0.001545749,0.160866857,22.18784332,0.011811912,0,33:28.4,,
5.00E-05,0.268309325,0.108838148,0.00159535,0.157875821,22.51007271,0.011828189,0,33:59.0,,
5.00E-05,0.260747582,0.105878435,0.001339211,0.153529927,22.9659481,0.011820104,0,34:29.6,,
5.00E-05,0.27936548,0.109407723,0.001400998,0.168556765,22.82390785,0.011816463,0,35:02.2,,
5.00E-05,0.28349787,0.117622539,0.001338761,0.164536566,21.32300377,0.011789118,0,35:32.9,,
5.00E-05,0.267594159,0.104178116,0.00149472,0.161921337,23.58920097,0.011808055,0,36:03.5,,
5.00E-05,0.262693673,0.109208174,0.001351854,0.152133644,22.83967972,0.011823666,0,36:34.0,,
5.00E-05,0.27428025,0.107517853,0.001388539,0.165373862,23.38137627,0.011794386,0,37:04.6,,
5.00E-05,0.258318365,0.103027537,0.001387166,0.153903678,23.36358833,0.011766888,0,37:35.2,,
5.00E-05,0.273632288,0.117143825,0.00143629,0.155052185,21.67846298,0.011797439,0,38:05.7,,
5.00E-05,0.282804549,0.115412116,0.001440736,0.165951699,22.17056465,0.01178511,0,38:36.2,,
5.00E-05,0.258081317,0.097595945,0.001346901,0.159138456,23.90024376,0.01176447,0,39:06.7,,
5.00E-05,0.266863614,0.114541315,0.001506767,0.150815532,22.84254837,0.011730999,0,39:37.2,,
5.00E-05,0.257599652,0.104089469,0.001504545,0.152005628,23.33256149,0.011693972,0,40:07.6,,
5.00E-05,0.269254327,0.109528355,0.001371138,0.158354819,22.68860054,0.011674304,0,40:38.2,,
5.00E-05,0.254791498,0.097624719,0.00142141,0.155745372,24.1354351,0.011652453,0,41:08.7,,
5.00E-05,0.279606164,0.113269679,0.001331502,0.165004984,22.32232285,0.011667498,0,41:39.3,,
5.00E-05,0.272157818,0.108873442,0.001350199,0.161934182,22.74788857,0.011690459,0,42:09.9,,
5.00E-05,0.255048573,0.103820607,0.001853681,0.149374291,23.53079796,0.011704097,0,42:40.5,,
5.00E-05,0.289072454,0.113084018,0.001436094,0.174552351,22.33987617,0.011710896,0,43:11.0,,
5.00E-05,0.273587793,0.108521737,0.001407357,0.163658708,22.620718,0.011720768,0,43:41.6,,
5.00E-05,0.264071256,0.103535041,0.00121973,0.15931648,23.52308273,0.011710042,0,44:12.1,,
5.00E-05,0.260475576,0.103062324,0.001355513,0.15605773,23.25695992,0.011726827,0,44:42.6,,
5.00E-05,0.260025412,0.106391005,0.001348901,0.152285501,22.64239883,0.011718286,0,45:22.1,,
,,,,,,,0,45:43.9,0.909031153,14.70617199
5.00E-05,0.264749467,0.103143044,0.001373662,0.160232767,23.60215187,0.01172098,0,46:15.1,,
5.00E-05,0.282521516,0.108014986,0.001660669,0.172845855,23.00181389,0.011691813,0,46:45.6,,
5.00E-05,0.278028369,0.113869965,0.00165547,0.16250293,22.24559975,0.011687939,0,47:16.3,,
5.00E-05,0.280373573,0.113007069,0.001375132,0.165991381,22.80428314,0.011677366,0,47:46.7,,
5.00E-05,0.259873033,0.108308204,0.001370429,0.150194392,23.22662735,0.011707015,0,48:17.4,,
5.00E-05,0.288524657,0.11648418,0.001316926,0.170723557,21.944561,0.011700765,0,48:48.0,,
5.00E-05,0.275687099,0.109863833,0.001356444,0.164466813,23.18313408,0.01167543,0,49:18.5,,
5.00E-05,0.268122822,0.109391846,0.001392063,0.157338902,22.91275787,0.011659472,0,49:49.0,,
5.00E-05,0.273664236,0.106555849,0.001358853,0.16574955,23.04289818,0.011624044,0,50:19.6,,
5.00E-05,0.268256843,0.105292425,0.001371684,0.161592722,23.55404663,0.011615633,0,50:50.2,,
5.00E-05,0.263542324,0.113452807,0.001459472,0.148630053,22.34856033,0.011619052,0,51:20.8,,
5.00E-05,0.27337116,0.113988101,0.001439246,0.15794383,21.98850441,0.011617794,0,51:51.2,,
5.00E-05,0.267567098,0.107772723,0.001328242,0.158466145,23.20378494,0.011604302,0,52:21.7,,
5.00E-05,0.275702715,0.116984501,0.001348345,0.157369867,22.2723732,0.011596242,0,52:52.2,,
5.00E-05,0.299608171,0.123927079,0.001530378,0.174150705,21.57107353,0.011584559,0,53:22.8,,
5.00E-05,0.269440591,0.112164594,0.001379068,0.155896917,22.30328751,0.011572941,0,53:55.5,,
5.00E-05,0.284300327,0.105452664,0.001472014,0.177375659,23.25263786,0.011530271,0,54:26.0,,
5.00E-05,0.265901327,0.101246163,0.001364735,0.163290426,23.59469604,0.011516692,0,54:56.5,,
5.00E-05,0.266908199,0.116235256,0.001349003,0.14932394,22.06850052,0.011528126,0,55:27.1,,
5.00E-05,0.281729281,0.109253317,0.00146102,0.17101495,22.96476173,0.011496573,0,55:57.6,,
5.00E-05,0.272372484,0.11384894,0.001490311,0.15703325,22.43091202,0.011465526,0,56:28.1,,
5.00E-05,0.268355101,0.106037669,0.001390486,0.160926938,23.19258118,0.011462732,0,56:58.6,,
5.00E-05,0.262261868,0.100685142,0.001434019,0.16014272,23.09863281,0.011439472,0,57:29.3,,
5.00E-05,0.27569598,0.105000682,0.001356939,0.16933836,23.04796219,0.011451429,0,57:59.9,,
5.00E-05,0.273646116,0.103889756,0.001701121,0.168055251,23.27096558,0.0114505,0,58:30.4,,
5.00E-05,0.264209926,0.109473825,0.001368009,0.153368086,22.59069633,0.01144621,0,59:00.9,,
5.00E-05,0.268721491,0.110300966,0.001402978,0.157017544,22.88822556,0.01143477,0,59:31.5,,
5.00E-05,0.270479113,0.111721233,0.001411399,0.157346487,22.87017632,0.011375515,0,00:01.9,,
5.00E-05,0.255626649,0.110728286,0.001477018,0.143421337,23.02166176,0.011362184,0,00:32.5,,
5.00E-05,0.284777939,0.111146845,0.001477156,0.17215392,22.09232712,0.011372796,0,01:03.0,,
5.00E-05,0.27328521,0.107801467,0.001468214,0.164015532,22.51918983,0.011376837,0,01:33.5,,
5.00E-05,0.266375214,0.106714323,0.001474878,0.158186004,22.93836403,0.011324197,0,02:04.0,,
5.00E-05,0.278998613,0.107589357,0.001406157,0.170003101,22.96016312,0.011320251,0,02:34.5,,
5.00E-05,0.275248528,0.108012229,0.001421054,0.165815249,22.8583622,0.011306726,0,03:05.1,,
5.00E-05,0.262180328,0.10491772,0.001380548,0.155882061,22.79375839,0.011289724,0,03:35.7,,
5.00E-05,0.263195246,0.107796632,0.001457617,0.153940991,22.94644165,0.011283099,0,04:06.2,,
5.00E-05,0.268468618,0.102100872,0.001371491,0.164996251,23.703825,0.01127459,0,04:36.9,,
5.00E-05,0.275344044,0.112298355,0.001262643,0.161783054,22.87636185,0.011292238,0,05:07.4,,
5.00E-05,0.266787708,0.106256016,0.00121398,0.159317717,23.4692955,0.011268534,0,05:38.0,,
5.00E-05,0.271197885,0.108046465,0.001625664,0.161525756,22.56565094,0.011256112,0,06:08.5,,
5.00E-05,0.271526307,0.116304994,0.001295249,0.15392606,21.83998299,0.011242122,0,06:39.4,,
5.00E-05,0.277243316,0.118848801,0.001534295,0.156860217,22.25115204,0.011235825,0,07:09.8,,
5.00E-05,0.266061991,0.108298242,0.00131574,0.156448007,23.37138939,0.011201289,0,07:40.3,,
5.00E-05,0.273371369,0.100900859,0.001393854,0.171076655,23.17337418,0.01119587,0,08:10.8,,
5.00E-05,0.278193235,0.117758006,0.00152827,0.158906952,21.601017,0.011211598,0,08:41.3,,
5.00E-05,0.272402465,0.114063367,0.001408417,0.15693067,22.04399109,0.011196937,0,09:11.8,,
5.00E-05,0.272369236,0.104099929,0.001349307,0.166919991,22.79273605,0.011240268,0,09:42.4,,
5.00E-05,0.275665104,0.112624243,0.001360436,0.16168043,22.30375671,0.011236077,0,10:12.9,,
5.00E-05,0.26835537,0.108452842,0.001341127,0.158561394,22.44192123,0.011255022,0,10:43.5,,
5.00E-05,0.2643255,0.101234064,0.001459893,0.161631539,23.68072128,0.011256182,0,11:14.0,,
5.00E-05,0.274159044,0.111383095,0.00143521,0.161340743,22.95508957,0.011230196,0,11:44.6,,
5.00E-05,0.276506722,0.115215532,0.001424013,0.159867167,22.50032425,0.011222096,0,12:15.0,,
5.00E-05,0.26782915,0.104656026,0.001358277,0.161814854,23.39902496,0.011201887,0,12:47.7,,
5.00E-05,0.271235228,0.107681639,0.001348705,0.162204877,23.23559761,0.01120707,0,13:18.2,,
5.00E-05,0.263821423,0.105980121,0.001263125,0.156578168,22.53716469,0.011236548,0,13:48.7,,
5.00E-05,0.273041576,0.10863734,0.001371297,0.163032934,23.05397224,0.011232445,0,14:19.2,,
5.00E-05,0.26576212,0.111142054,0.001268831,0.153351232,22.77556229,0.011270048,0,14:49.8,,
5.00E-05,0.2639094,0.106076308,0.001338086,0.15649499,23.2914238,0.01124416,0,15:20.2,,
5.00E-05,0.275223255,0.108217396,0.00133232,0.165673554,22.53294373,0.011215971,0,15:50.9,,
5.00E-05,0.255910218,0.099309221,0.001383961,0.155217037,24.38426781,0.011179731,0,16:21.3,,
5.00E-05,0.258931875,0.101690538,0.001370252,0.155871093,23.7897644,0.011180702,0,16:51.8,,
5.00E-05,0.274166405,0.114993505,0.001310988,0.157861903,22.34804153,0.011139476,0,17:22.3,,
5.00E-05,0.283274114,0.117054775,0.001498982,0.164720371,21.67559624,0.011146612,0,17:52.9,,
5.00E-05,0.276986182,0.11135646,0.00143613,0.1641936,22.24152565,0.011124311,0,18:23.4,,
5.00E-05,0.28045398,0.109589815,0.001414942,0.16944924,22.74995041,0.01113175,0,18:54.0,,
5.00E-05,0.264558256,0.104617037,0.001362996,0.158578232,22.93849945,0.011130099,0,19:24.5,,
5.00E-05,0.274988055,0.112988152,0.00136066,0.160639256,22.08023834,0.011093127,0,19:55.1,,
5.00E-05,0.278282434,0.115160443,0.00137751,0.16174449,22.34599113,0.011068964,0,20:25.5,,
5.00E-05,0.249493569,0.103561357,0.001518635,0.144413576,23.47528839,0.011063417,0,20:56.1,,
5.00E-05,0.267034531,0.109528229,0.001514512,0.155991793,22.95013237,0.011069713,0,21:26.6,,
5.00E-05,0.278329194,0.106258631,0.001298103,0.170772463,23.0847435,0.011070622,0,21:57.3,,
5.00E-05,0.252056628,0.101891398,0.00140599,0.148759231,23.34634972,0.011081052,0,22:27.7,,
5.00E-05,0.265266836,0.103594758,0.001300809,0.160371274,23.36723518,0.011084222,0,22:58.3,,
5.00E-05,0.262532681,0.103947595,0.001358068,0.157227024,22.91121292,0.011055144,0,23:28.8,,
5.00E-05,0.275523633,0.110089064,0.001428539,0.16400604,22.48819733,0.011066393,0,23:59.4,,
5.00E-05,0.285779595,0.116917372,0.001224285,0.167637929,22.02270508,0.011034063,0,24:29.8,,
5.00E-05,0.258404404,0.105268158,0.001326952,0.15180929,23.12732697,0.011014912,0,25:00.4,,
5.00E-05,0.260789186,0.113293491,0.001349511,0.146146178,22.73939896,0.01100119,0,25:30.9,,
5.00E-05,0.262320101,0.103829443,0.00131973,0.157170922,22.80935097,0.010992612,0,26:01.5,,
5.00E-05,0.258044332,0.103864051,0.001357631,0.152822644,23.48024178,0.010950909,0,26:32.0,,
5.00E-05,0.258428901,0.103340186,0.001342814,0.153745905,22.82195282,0.01096543,0,27:02.8,,
5.00E-05,0.260712683,0.106801316,0.001166198,0.152745172,23.09331131,0.010964447,0,27:33.3,,
5.00E-05,0.264901787,0.099043272,0.00134048,0.164518043,23.66448212,0.010919592,0,28:03.9,,
5.00E-05,0.281086326,0.109393686,0.00140701,0.170285627,22.55985451,0.010933081,0,28:34.3,,
5.00E-05,0.269398093,0.108306572,0.001373157,0.15971835,22.95487976,0.01091411,0,29:05.0,,
5.00E-05,0.27087757,0.106942378,0.00130915,0.162626043,22.96987915,0.010926008,0,29:35.6,,
5.00E-05,0.272146583,0.112471767,0.001381312,0.158293501,22.7784462,0.010898576,0,30:06.1,,
5.00E-05,0.269503593,0.116197668,0.001286599,0.152019322,22.09656143,0.010896602,0,30:36.5,,
5.00E-05,0.258461118,0.105759189,0.00135384,0.151348084,23.48137283,0.010933989,0,31:07.1,,
5.00E-05,0.265229017,0.111235462,0.001343693,0.152649865,22.19316292,0.010910708,0,31:39.7,,
5.00E-05,0.284756631,0.111326665,0.001234837,0.172195122,22.16360474,0.0109151,0,32:10.3,,
5.00E-05,0.270492315,0.113301463,0.00133086,0.155860007,21.44663811,0.010935345,0,32:40.7,,
5.00E-05,0.252032965,0.101226106,0.001228518,0.149578348,23.98816681,0.010906905,0,33:11.4,,
5.00E-05,0.275179565,0.104988523,0.001342622,0.168848425,23.17063904,0.010889527,0,33:42.0,,
5.00E-05,0.251989722,0.106632605,0.001273748,0.144083366,23.0803299,0.010880803,0,34:12.6,,
5.00E-05,0.271947443,0.10814108,0.001404006,0.162402347,23.48103523,0.010857645,0,34:43.2,,
5.00E-05,0.258007288,0.107619904,0.001256598,0.149130791,23.69185257,0.010846974,0,35:13.8,,
5.00E-05,0.273156732,0.110946693,0.001290471,0.160919562,22.91171646,0.010834206,0,35:44.2,,
5.00E-05,0.252914727,0.102333553,0.001432346,0.149148837,23.07137489,0.0108263,0,36:15.2,,
5.00E-05,0.266641289,0.111454956,0.001237718,0.15394862,22.85628891,0.010799438,0,36:55.1,,
5.00E-05,0.264091611,0.109297283,0.001341638,0.153452694,22.46101379,0.010802044,0,37:25.6,,
5.00E-05,0.269525677,0.110782161,0.001205062,0.157538459,22.26379585,0.01082581,0,37:56.2,,
5.00E-05,0.264297605,0.108519644,0.001224394,0.154553577,23.12355995,0.010849856,0,38:26.8,,
5.00E-05,0.25781709,0.104010262,0.001367818,0.152439028,23.05196953,0.010875957,0,38:57.4,,
5.00E-05,0.274926752,0.112576544,0.001314169,0.161036029,21.68423462,0.010878743,0,39:28.0,,
5.00E-05,0.275487155,0.103946075,0.001277934,0.170263141,23.1755867,0.010870829,0,39:58.5,,
5.00E-05,0.269915134,0.105454758,0.001374285,0.163086101,23.2096653,0.01089439,0,40:29.1,,
5.00E-05,0.270070314,0.109882995,0.001695279,0.158492044,21.92461205,0.010907862,0,40:59.6,,
5.00E-05,0.28660199,0.11133077,0.001245947,0.174025282,23.25684357,0.010904336,0,41:30.2,,
5.00E-05,0.262458354,0.107844852,0.001249653,0.153363839,23.18168449,0.010893932,0,42:00.6,,
5.00E-05,0.275811255,0.116832875,0.001219998,0.157758385,21.81435013,0.010900557,0,42:31.2,,
5.00E-05,0.270239115,0.111931697,0.001242998,0.157064438,22.47406387,0.01093428,0,43:01.7,,
5.00E-05,0.273786426,0.111558273,0.001326395,0.16090174,22.08715057,0.010939026,0,43:32.3,,
5.00E-05,0.267532349,0.111412279,0.001428981,0.154691085,22.61039925,0.01093355,0,44:02.8,,
5.00E-05,0.281804025,0.11589586,0.001246864,0.164661318,22.31129074,0.010982715,0,44:33.4,,
5.00E-05,0.270617664,0.118258253,0.001356459,0.151002958,22.05982018,0.010993126,0,45:03.9,,
5.00E-05,0.273512185,0.105621301,0.001293595,0.166597292,23.30737686,0.01099094,0,45:34.6,,
5.00E-05,0.290242642,0.121507533,0.00151566,0.167219445,22.61839867,0.010974218,0,46:05.2,,
5.00E-05,0.263482481,0.109148026,0.001369071,0.152965382,23.19315147,0.010966936,0,46:35.7,,
5.00E-05,0.274152249,0.105093166,0.001403346,0.167655736,23.34082794,0.010929104,0,47:06.3,,
5.00E-05,0.25715363,0.102346942,0.001493556,0.15331313,23.67252541,0.010937414,0,47:37.3,,
5.00E-05,0.283454001,0.111348338,0.001334286,0.17077139,22.85164261,0.010889969,0,48:07.8,,
5.00E-05,0.267305136,0.110420965,0.00133648,0.155547678,22.40728188,0.010858277,0,48:38.4,,
5.00E-05,0.263984263,0.104224965,0.001346826,0.158412457,22.99834251,0.010894627,0,49:08.9,,
5.00E-05,0.284205794,0.114625283,0.001543866,0.168036655,22.66304779,0.010917869,0,49:39.5,,
5.00E-05,0.280483961,0.114009663,0.001272995,0.165201291,22.15096283,0.010911197,0,50:10.0,,
5.00E-05,0.278771371,0.109934926,0.00129837,0.167538077,22.28699493,0.010933295,0,50:42.9,,
5.00E-05,0.268836379,0.106926732,0.001255072,0.16065459,23.4013958,0.010949034,0,51:13.3,,
5.00E-05,0.257100821,0.097105108,0.001241477,0.158754244,24.40494156,0.010934447,0,51:43.9,,
5.00E-05,0.264631063,0.10436596,0.001358238,0.158906862,23.37936592,0.010915307,0,52:14.4,,
5.00E-05,0.260500938,0.110180885,0.001572439,0.148747608,22.44096947,0.010918701,0,52:45.0,,
5.00E-05,0.265967786,0.11123281,0.001266103,0.153468892,22.34151077,0.010928562,0,53:15.5,,
5.00E-05,0.260471582,0.103099965,0.001246135,0.156125486,23.39447784,0.010907654,0,53:46.1,,
5.00E-05,0.273594141,0.113732085,0.00142365,0.158438399,22.64739799,0.01089921,0,54:16.6,,
5.00E-05,0.258043855,0.109138295,0.00143019,0.147475377,22.65496445,0.010916218,0,54:47.1,,
5.00E-05,0.263857841,0.114521623,0.001327915,0.148008317,21.84333611,0.010924519,0,55:17.7,,
5.00E-05,0.263958752,0.103739843,0.001340199,0.158878714,23.56534576,0.010926166,0,55:48.3,,
5.00E-05,0.273005188,0.111801118,0.00127505,0.159929037,22.2557373,0.010932043,0,56:18.9,,
5.00E-05,0.256184459,0.10103973,0.001353875,0.153790846,23.05612373,0.010907176,0,56:49.4,,
5.00E-05,0.268863201,0.109548122,0.001374409,0.157940656,22.18537903,0.010899107,0,57:19.9,,
5.00E-05,0.266910434,0.098321155,0.001327155,0.167262122,23.93106651,0.010884201,0,57:50.6,,
5.00E-05,0.251989245,0.099897139,0.001288961,0.150803134,23.75852585,0.010871571,0,58:21.1,,
5.00E-05,0.276627779,0.110713452,0.001321227,0.164593115,22.18810081,0.010853789,0,58:51.7,,
5.00E-05,0.256019801,0.103102222,0.001306723,0.151610851,23.61794281,0.010877482,0,59:22.2,,
5.00E-05,0.270032525,0.104344524,0.001205688,0.164482296,23.31513214,0.010869886,0,59:52.9,,
5.00E-05,0.252380252,0.098751336,0.001295911,0.152333021,24.16386604,0.010858173,0,00:23.4,,
5.00E-05,0.281412005,0.110898338,0.001337826,0.169175848,21.98561668,0.010836671,0,00:54.0,,
5.00E-05,0.279903293,0.111033939,0.001494199,0.167375162,22.98051834,0.01084351,0,01:24.5,,
5.00E-05,0.25270927,0.097605214,0.001280722,0.153823331,24.20831871,0.010854793,0,01:55.2,,
5.00E-05,0.269833714,0.105968855,0.001237989,0.162626877,22.72848511,0.010849794,0,02:25.6,,
5.00E-05,0.280611575,0.11435841,0.001292092,0.164961055,21.90653229,0.010820108,0,02:56.2,,
5.00E-05,0.265453935,0.104290448,0.001370966,0.159792513,23.36069298,0.010799916,0,03:26.6,,
5.00E-05,0.271183729,0.111650296,0.001266737,0.158266693,22.67959213,0.010802677,0,03:57.2,,
5.00E-05,0.27005142,0.106001996,0.001323964,0.162725464,22.64696121,0.010789284,0,04:27.7,,
5.00E-05,0.256003439,0.103613175,0.001264287,0.151125968,23.03134918,0.010802138,0,04:58.4,,
,,,,,,,,,,
5.00E-05,0.314570069,0.14100495,0.002238166,0.17132695,20.90504837,0.010992768,1,28:31.4,,
5.00E-05,0.322170913,0.137736842,0.002254638,0.182179436,21.01878738,0.011134006,1,28:53.6,,
5.00E-05,0.322437942,0.14763622,0.002394229,0.172407508,20.13093948,0.011212555,1,29:15.9,,
5.00E-05,0.307849616,0.13929829,0.002134218,0.166417107,20.932724,0.011280335,1,29:38.1,,
5.00E-05,0.308920771,0.144985795,0.002184424,0.161750555,20.4288559,0.01129716,1,30:00.4,,
5.00E-05,0.31460911,0.13467136,0.002286972,0.177650765,21.07891273,0.011403734,1,30:22.6,,
5.00E-05,0.309926271,0.143710643,0.0020876,0.16412802,20.67468643,0.01144871,1,30:44.8,,
5.00E-05,0.305238545,0.132960111,0.002203935,0.170074478,21.39960861,0.011515879,1,31:07.1,,
5.00E-05,0.302867353,0.139971375,0.002284589,0.160611391,20.6084919,0.01156331,1,31:29.3,,
5.00E-05,0.305770963,0.135455355,0.002234986,0.168080628,21.51686478,0.011551192,1,31:51.6,,
5.00E-05,0.299528539,0.131573185,0.002177338,0.165778026,21.2203331,0.011550239,1,32:13.8,,
5.00E-05,0.30079031,0.133174762,0.002126324,0.165489241,21.2961998,0.011605497,1,32:36.0,,
5.00E-05,0.295057982,0.13187705,0.002205231,0.160975695,21.43983078,0.011654871,1,32:58.3,,
5.00E-05,0.308511347,0.131806865,0.002303636,0.174400851,21.69452858,0.011645276,1,33:20.5,,
5.00E-05,0.302585006,0.135145366,0.002470686,0.164968938,20.87997246,0.011648925,1,33:42.8,,
5.00E-05,0.308129132,0.141181871,0.002320652,0.164626628,20.99660873,0.011644993,1,34:05.0,,
5.00E-05,0.309894621,0.136394829,0.002387016,0.171112791,21.03844452,0.011647109,1,34:27.3,,
5.00E-05,0.300753653,0.128799543,0.002283208,0.169670925,21.71333504,0.011675128,1,34:49.5,,
5.00E-05,0.296467781,0.127805501,0.00227046,0.16639182,22.08953476,0.011743985,1,35:11.8,,
5.00E-05,0.298841476,0.121867366,0.002274915,0.174699187,21.88703346,0.011793948,1,35:34.0,,
5.00E-05,0.299804091,0.131290406,0.002212035,0.166301668,21.36397362,0.011779846,1,35:56.3,,
5.00E-05,0.292742103,0.130476266,0.002189098,0.160076737,21.55270767,0.011768897,1,36:18.5,,
5.00E-05,0.302401304,0.144398093,0.002398305,0.155604884,20.70858383,0.011797225,1,36:40.7,,
5.00E-05,0.290767848,0.12678948,0.002172065,0.161806315,21.19907761,0.0118214,1,37:02.9,,
5.00E-05,0.296314389,0.126610622,0.002325388,0.167378381,21.40173721,0.011844578,1,37:25.2,,
5.00E-05,0.301225364,0.137583449,0.002294042,0.161347866,21.1058197,0.011868981,1,37:47.4,,
5.00E-05,0.290895224,0.131929725,0.00238899,0.156576529,21.44996452,0.011874008,1,38:09.7,,
5.00E-05,0.289660245,0.126441181,0.002242739,0.160976321,21.45869255,0.011826847,1,38:31.9,,
5.00E-05,0.285143077,0.130190492,0.002100424,0.152852148,21.67396355,0.011865557,1,38:54.2,,
5.00E-05,0.294984818,0.127229467,0.002459803,0.165295556,21.74417114,0.011853652,1,39:16.4,,
5.00E-05,0.298069775,0.135392621,0.002351938,0.160325214,21.17520332,0.011886068,1,39:40.5,,
5.00E-05,0.30222708,0.125077948,0.00253861,0.17461054,22.03010178,0.011888579,1,40:02.7,,
5.00E-05,0.294660449,0.133236557,0.002252207,0.1591717,21.35977554,0.011891232,1,40:25.0,,
5.00E-05,0.298585415,0.129292816,0.002342701,0.166949883,21.58786774,0.011858413,1,40:47.3,,
5.00E-05,0.296055198,0.133268714,0.002344927,0.160441548,21.11630249,0.011826655,1,41:09.6,,
5.00E-05,0.28492552,0.121797897,0.002320944,0.160806671,22.2389183,0.011816266,1,41:31.9,,
5.00E-05,0.295199275,0.129002079,0.002395574,0.16380164,21.39064407,0.011850947,1,41:54.2,,
5.00E-05,0.304472387,0.13243261,0.002386488,0.169653282,21.17799759,0.011849148,1,42:16.5,,
5.00E-05,0.307160228,0.134792149,0.002357271,0.170010805,21.44020462,0.011878164,1,42:38.7,,
5.00E-05,0.308608681,0.133847281,0.002200788,0.172560617,21.39154434,0.011838323,1,43:01.0,,
5.00E-05,0.304571092,0.133802906,0.002337291,0.168430895,20.98194313,0.01183088,1,43:23.7,,
5.00E-05,0.304647267,0.13395226,0.002330017,0.168365002,21.16412926,0.011802841,1,43:46.0,,
5.00E-05,0.297424197,0.134833708,0.002269556,0.160320938,20.88393974,0.011870299,1,44:08.3,,
5.00E-05,0.303994805,0.130722776,0.002344734,0.170927301,21.50621605,0.011851432,1,44:30.5,,
5.00E-05,0.286973178,0.126726419,0.002303738,0.157943025,21.68332863,0.011843229,1,44:52.8,,
5.00E-05,0.301157713,0.128296703,0.00242613,0.170434862,21.86520576,0.011852607,1,45:15.0,,
5.00E-05,0.295196146,0.127130106,0.002353692,0.165712342,21.73639488,0.011818509,1,45:37.3,,
5.00E-05,0.294504583,0.132890314,0.002206975,0.159407273,21.3999157,0.011887157,1,45:59.6,,
5.00E-05,0.292113841,0.122321181,0.002184533,0.167608142,21.99682045,0.011904492,1,46:21.8,,
5.00E-05,0.313702166,0.134756774,0.002378318,0.176567093,20.64979935,0.011891828,1,46:44.1,,
5.00E-05,0.285445988,0.122866713,0.002303661,0.160275623,21.71205902,0.011874557,1,47:06.3,,
5.00E-05,0.272708118,0.120938621,0.002392212,0.149377301,22.29333115,0.011879513,1,47:28.6,,
5.00E-05,0.294786572,0.129915118,0.002483346,0.162388116,21.13778687,0.011891998,1,47:50.9,,
5.00E-05,0.287209034,0.133697718,0.002470721,0.151040584,20.79475021,0.011915372,1,48:13.1,,
5.00E-05,0.299989879,0.12763679,0.002207938,0.170145169,21.40065193,0.011942574,1,48:35.4,,
5.00E-05,0.302692652,0.13079609,0.002308133,0.169588432,21.42985344,0.011969756,1,48:57.7,,
5.00E-05,0.295086503,0.123971529,0.002217193,0.168897793,22.10751724,0.01194427,1,49:20.0,,
5.00E-05,0.281091809,0.135033205,0.002302388,0.143756196,21.15937424,0.011980657,1,49:42.2,,
5.00E-05,0.282259583,0.123567484,0.002352471,0.156339645,22.06065369,0.012006982,1,50:04.5,,
5.00E-05,0.300928235,0.12761569,0.002218503,0.17109406,21.83263779,0.01197944,1,50:26.7,,
5.00E-05,0.279056579,0.12214645,0.002254007,0.154656127,22.05287933,0.01199055,1,50:49.0,,
5.00E-05,0.300651252,0.129817635,0.002377951,0.168455675,21.68253136,0.011996326,1,51:11.2,,
5.00E-05,0.293674439,0.130120307,0.002310293,0.161243841,20.87982178,0.012025896,1,51:33.5,,
5.00E-05,0.289972544,0.127120689,0.002163476,0.160688385,21.56423378,0.012029092,1,51:55.7,,
5.00E-05,0.292811334,0.124214433,0.002299791,0.166297108,22.01145554,0.011998638,1,52:18.0,,
5.00E-05,0.304716468,0.129641965,0.002440194,0.172634289,21.1614151,0.012014708,1,52:40.2,,
5.00E-05,0.282509506,0.124774978,0.002120733,0.155613795,21.43879318,0.011997298,1,53:02.4,,
5.00E-05,0.289622784,0.128629431,0.002460164,0.158533186,21.53487206,0.011953791,1,53:26.5,,
5.00E-05,0.28633517,0.124786161,0.002079437,0.159469575,21.27310944,0.011911789,1,53:48.8,,
5.00E-05,0.287977934,0.126136675,0.002285998,0.159555271,21.77458,0.011985874,1,54:11.1,,
5.00E-05,0.311697423,0.127008811,0.002265398,0.182423204,21.63877106,0.012028271,1,54:33.4,,
5.00E-05,0.293786317,0.131355688,0.002349049,0.16008158,21.34996605,0.012019218,1,54:55.6,,
5.00E-05,0.290648043,0.123686142,0.002362616,0.164599285,21.93614006,0.011987504,1,55:17.9,,
5.00E-05,0.2988832,0.130561247,0.002172453,0.166149497,21.245718,0.011948287,1,55:40.1,,
5.00E-05,0.283485442,0.126143202,0.002411013,0.154931232,21.64268112,0.011946247,1,56:02.3,,
5.00E-05,0.294349641,0.120444641,0.002353122,0.171551868,22.42706299,0.011922698,1,56:24.6,,
5.00E-05,0.290965468,0.123127058,0.002489761,0.165348649,22.05097198,0.011938336,1,56:46.9,,
5.00E-05,0.289139211,0.123938985,0.002182235,0.163017973,22.2373848,0.011967879,1,57:09.1,,
5.00E-05,0.303985178,0.128277048,0.002094142,0.173613995,21.40695572,0.011943632,1,57:31.4,,
5.00E-05,0.284728795,0.126754627,0.002386876,0.155587286,20.99295425,0.011945472,1,58:03.0,,
5.00E-05,0.281578124,0.112455532,0.002532248,0.166590348,22.39979172,0.012011809,1,58:33.5,,
5.00E-05,0.279171288,0.111349501,0.002339446,0.165482357,23.10265732,0.011997899,1,59:03.5,,
5.00E-05,0.277408928,0.123337269,0.00228021,0.151791453,21.81263733,0.011944099,1,59:33.6,,
5.00E-05,0.276218832,0.119144402,0.002047883,0.15502654,21.98468018,0.011917612,1,00:03.6,,
5.00E-05,0.273821115,0.117946826,0.002174187,0.153700113,22.10025024,0.011907829,1,00:33.7,,
5.00E-05,0.280871242,0.114649139,0.002028271,0.164193839,22.39189148,0.011887603,1,01:03.7,,
5.00E-05,0.277696848,0.110600561,0.001974016,0.165122256,22.76739883,0.0118754,1,01:33.8,,
5.00E-05,0.271759689,0.107470475,0.001918934,0.162370294,22.77734566,0.011825442,1,02:03.8,,
5.00E-05,0.267935991,0.105077706,0.001941181,0.160917103,23.40053558,0.011790168,1,02:33.9,,
5.00E-05,0.271612525,0.105878599,0.001868858,0.16386506,23.2161026,0.011816683,1,03:03.9,,
5.00E-05,0.262739152,0.10700123,0.001857211,0.153880715,22.95295525,0.011809609,1,03:33.9,,
5.00E-05,0.279069424,0.108161315,0.001766611,0.169141501,22.7197628,0.011790247,1,04:04.0,,
5.00E-05,0.28755933,0.116555646,0.001738771,0.169264898,21.62767029,0.011811409,1,04:34.0,,
5.00E-05,0.24879095,0.104380816,0.001747866,0.142662272,22.72744179,0.011841061,1,05:04.0,,
5.00E-05,0.270396948,0.107842483,0.001753389,0.160801068,22.59376717,0.011791703,1,05:34.0,,
5.00E-05,0.276518494,0.116637699,0.001923073,0.157957718,22.26983261,0.011745748,1,06:04.1,,
5.00E-05,0.260232508,0.105639301,0.001694191,0.152899012,22.7323246,0.011732426,1,06:34.2,,
5.00E-05,0.273967147,0.117227323,0.001841669,0.154898152,21.85830688,0.011729355,1,07:04.2,,
5.00E-05,0.258876562,0.104727522,0.001783625,0.152365416,22.84723282,0.011697457,1,07:34.2,,
5.00E-05,0.255071014,0.107584238,0.001578068,0.145908698,22.89178085,0.01169047,1,08:04.3,,
5.00E-05,0.273605078,0.116054885,0.001730862,0.155819327,22.05927277,0.011694841,1,08:34.4,,
5.00E-05,0.270937264,0.106178418,0.001609668,0.163149163,22.88424301,0.011676548,1,09:04.4,,
5.00E-05,0.266961336,0.10368403,0.001654056,0.161623254,23.40677261,0.011642261,1,09:34.5,,
5.00E-05,0.287367016,0.118755974,0.001788809,0.16682224,21.30559731,0.011647713,1,10:06.5,,
5.00E-05,0.281883448,0.112313308,0.001650958,0.167919189,22.8066597,0.011620182,1,10:36.5,,
5.00E-05,0.265228599,0.110544614,0.001718459,0.152965531,22.71427536,0.011591411,1,11:06.5,,
5.00E-05,0.272736222,0.108694345,0.001671885,0.162369996,23.26888275,0.011569897,1,11:36.6,,
5.00E-05,0.271351159,0.111901499,0.001795982,0.15765366,22.97082138,0.011559325,1,12:06.7,,
5.00E-05,0.270430475,0.107719287,0.001632093,0.161079094,23.27219009,0.011510906,1,12:36.7,,
5.00E-05,0.266312599,0.111519434,0.001661127,0.153132036,22.91753387,0.011478672,1,13:06.7,,
5.00E-05,0.284865946,0.114108346,0.001581486,0.169176117,22.09540367,0.011462213,1,13:36.7,,
5.00E-05,0.281243652,0.111337811,0.001745888,0.168159947,22.27271843,0.01149307,1,14:06.7,,
5.00E-05,0.277048647,0.107852466,0.001441213,0.167754978,22.75966835,0.011469671,1,14:36.9,,
5.00E-05,0.263401985,0.104478776,0.001438724,0.157484472,23.63270569,0.011460863,1,15:06.8,,
5.00E-05,0.257287621,0.109534323,0.00154486,0.14620845,22.71637917,0.011456034,1,15:36.9,,
5.00E-05,0.267781705,0.106508657,0.00175185,0.159521207,23.20533371,0.011474265,1,16:07.0,,
5.00E-05,0.262197554,0.105408736,0.00150092,0.155287907,23.09321404,0.011465115,1,16:37.0,,
5.00E-05,0.269615114,0.108011045,0.00150241,0.160101667,23.15618515,0.01145262,1,17:07.1,,
5.00E-05,0.253955722,0.099517129,0.001543299,0.152895287,23.41366959,0.011403445,1,17:37.2,,
5.00E-05,0.295233727,0.115429871,0.001605828,0.17819801,21.49219894,0.011411654,1,18:07.2,,
5.00E-05,0.278144181,0.109622009,0.001693255,0.166828915,23.15886307,0.01141652,1,18:37.5,,
5.00E-05,0.279179275,0.114377663,0.001532985,0.163268641,22.23820114,0.011415746,1,19:07.5,,
5.00E-05,0.269351006,0.108799085,0.001323595,0.15922831,22.76812744,0.011382616,1,19:37.6,,
5.00E-05,0.267634362,0.109525904,0.001462334,0.156646118,22.50186539,0.011394667,1,20:07.6,,
5.00E-05,0.262217402,0.102525108,0.001463715,0.158228561,23.40923691,0.01140957,1,20:37.6,,
5.00E-05,0.258067906,0.109770842,0.001558358,0.146738708,23.06827736,0.011354325,1,21:07.6,,
5.00E-05,0.265286624,0.114077315,0.001496625,0.149712667,21.9365387,0.011396749,1,21:37.7,,
5.00E-05,0.256486595,0.093206085,0.00157283,0.161707684,24.45562744,0.011381368,1,22:07.7,,
5.00E-05,0.25938949,0.108581044,0.00147022,0.14933823,22.81909943,0.011385233,1,22:37.7,,
5.00E-05,0.284520268,0.119024001,0.001454431,0.164041832,21.43316269,0.011368009,1,23:07.8,,
5.00E-05,0.270411551,0.109557256,0.001605162,0.159249142,22.44596481,0.011341732,1,23:37.8,,
5.00E-05,0.253391236,0.105151728,0.001422162,0.146817356,22.79513359,0.011324834,1,24:07.9,,
5.00E-05,0.265542805,0.112057582,0.001374843,0.152110383,22.33037758,0.011318853,1,24:38.0,,
5.00E-05,0.27796182,0.111998916,0.001483841,0.164479062,22.22327805,0.011339916,1,25:07.9,,
5.00E-05,0.269922942,0.105972804,0.00127882,0.162671313,23.26921463,0.011359344,1,25:38.0,,
5.00E-05,0.257540375,0.109666921,0.001589076,0.146284387,22.26438713,0.0113485,1,26:08.1,,
5.00E-05,0.250504136,0.106623538,0.001323447,0.142557144,23.03701401,0.011337266,1,26:38.0,,
5.00E-05,0.274130106,0.111043438,0.001410529,0.161676124,21.94824219,0.011309233,1,27:08.0,,
5.00E-05,0.265913725,0.1016372,0.001457623,0.162818909,23.64299965,0.011292987,1,27:38.1,,
5.00E-05,0.274664193,0.112484075,0.001410491,0.160769626,21.67052269,0.011294317,1,28:08.1,,
5.00E-05,0.275406867,0.108316697,0.001436998,0.165653169,22.75810623,0.01129625,1,28:40.0,,
5.00E-05,0.281949222,0.122527979,0.001415928,0.158005297,21.59870911,0.011267996,1,29:10.0,,
5.00E-05,0.245234728,0.103717387,0.00128437,0.140232965,23.23219299,0.01126827,1,29:40.1,,
5.00E-05,0.28905189,0.110591106,0.001397694,0.177063093,22.8284874,0.011274048,1,30:10.1,,
5.00E-05,0.277483582,0.108083159,0.001364377,0.168036044,23.3000927,0.011291926,1,30:40.1,,
5.00E-05,0.261808574,0.107149109,0.001320498,0.153338954,22.51410675,0.011282108,1,31:10.1,,
5.00E-05,0.269745082,0.105307244,0.001476203,0.162961632,22.83346176,0.011242229,1,31:40.1,,
5.00E-05,0.272784352,0.113622405,0.001433174,0.157728776,22.41415977,0.011240873,1,32:10.1,,
5.00E-05,0.264572561,0.103334136,0.001535586,0.159702823,23.24540329,0.011245747,1,32:40.2,,
5.00E-05,0.265756369,0.102582023,0.001494096,0.161680251,23.25170898,0.011209983,1,33:10.2,,
5.00E-05,0.271901488,0.105055593,0.001579189,0.165266693,22.80735779,0.011228145,1,33:40.3,,
5.00E-05,0.262527227,0.109157756,0.001435948,0.151933521,23.19335747,0.011217185,1,34:10.4,,
5.00E-05,0.273019433,0.107802659,0.001221721,0.163995057,22.57051659,0.011217886,1,34:40.4,,
5.00E-05,0.266204476,0.11190787,0.001559286,0.152737305,22.43068695,0.011153911,1,35:10.4,,
5.00E-05,0.259391695,0.098103985,0.001319562,0.159968153,23.46161079,0.011151657,1,35:40.4,,
5.00E-05,0.263510555,0.107710205,0.001379963,0.154420391,22.38592529,0.011108901,1,36:10.5,,
5.00E-05,0.272678405,0.111800849,0.001424691,0.15945287,22.19062042,0.011085655,1,36:40.5,,
5.00E-05,0.268750697,0.103907697,0.001424057,0.163418934,23.27459526,0.011085207,1,37:10.8,,
5.00E-05,0.263938785,0.104965381,0.001420678,0.157552719,23.34989357,0.011054654,1,37:40.8,,
5.00E-05,0.264280409,0.101970606,0.001475332,0.160834461,23.53020477,0.011038493,1,38:10.8,,
5.00E-05,0.26376605,0.104689389,0.001325519,0.157751128,23.53610992,0.011018867,1,38:41.0,,
5.00E-05,0.272892594,0.107713833,0.001438727,0.163740024,22.79286575,0.011020727,1,39:11.0,,
5.00E-05,0.270578712,0.103301071,0.001221271,0.166056365,23.10358429,0.011000042,1,39:41.0,,
5.00E-05,0.264696121,0.099261522,0.001564387,0.163870215,23.96487427,0.010992344,1,40:11.0,,
5.00E-05,0.265490979,0.11069645,0.001358142,0.153436378,22.20993996,0.010964213,1,40:41.1,,
5.00E-05,0.252610356,0.09873917,0.001294154,0.152577043,23.97992706,0.010923097,1,41:11.0,,
5.00E-05,0.274831474,0.109091662,0.001341572,0.164398238,22.63946152,0.010930042,1,41:41.1,,
5.00E-05,0.264911532,0.103905231,0.001136918,0.159869373,22.92809296,0.010914355,1,42:11.1,,
5.00E-05,0.268828958,0.108845361,0.00143618,0.158547416,22.72859573,0.010895927,1,42:41.1,,
5.00E-05,0.263255596,0.104114465,0.001407494,0.157733619,23.53555679,0.010894483,1,43:11.2,,
5.00E-05,0.266987264,0.114228971,0.001226802,0.151531503,21.92967606,0.010904747,1,43:41.3,,
5.00E-05,0.272081584,0.110195719,0.001239599,0.160646275,22.50570488,0.010879376,1,44:11.4,,
5.00E-05,0.261578023,0.104338042,0.001292388,0.155947611,23.3110714,0.010867554,1,44:41.4,,
5.00E-05,0.257149369,0.100857012,0.001371623,0.154920742,23.3876133,0.010868015,1,45:11.5,,
5.00E-05,0.25595364,0.101540565,0.001343415,0.15306966,23.60928535,0.010853406,1,45:41.5,,
5.00E-05,0.277702093,0.112418935,0.001342531,0.163940623,21.50999069,0.010829858,1,46:11.5,,
5.00E-05,0.262214303,0.101461373,0.001369069,0.159383863,23.47683716,0.01077794,1,46:41.5,,
5.00E-05,0.263435781,0.110408053,0.001485872,0.151541874,22.31734276,0.010788557,1,47:13.4,,
5.00E-05,0.266427964,0.104644604,0.001231977,0.160551384,23.69173431,0.010744943,1,47:43.4,,
5.00E-05,0.263381511,0.106776685,0.00126403,0.155340791,23.27089119,0.010745938,1,48:22.3,,
5.00E-05,0.26500684,0.105160274,0.001449648,0.15839693,22.70211029,0.010734783,1,48:52.4,,
5.00E-05,0.267018735,0.110530399,0.001630644,0.15485768,22.45724678,0.010689405,1,49:22.5,,
5.00E-05,0.286179245,0.112635352,0.001521849,0.17202203,22.29610825,0.010671035,1,49:52.6,,
5.00E-05,0.268438011,0.104563959,0.001478213,0.162395835,23.5003376,0.010633438,1,50:22.7,,
5.00E-05,0.26198566,0.105737559,0.001339715,0.154908389,23.16488075,0.010619888,1,50:52.7,,
5.00E-05,0.264710814,0.10280966,0.001316364,0.160584792,22.91492271,0.010594022,1,51:22.8,,
5.00E-05,0.268934965,0.106027722,0.00140649,0.161500752,22.81067085,0.010581856,1,51:53.0,,
5.00E-05,0.27559045,0.111072242,0.001577298,0.162940919,22.42049217,0.010577557,1,52:23.0,,
5.00E-05,0.268293917,0.104510039,0.001425449,0.162358418,23.41252327,0.01057554,1,52:53.1,,
5.00E-05,0.272931099,0.108427696,0.001423149,0.163080245,22.1671505,0.010514919,1,53:23.1,,
5.00E-05,0.277569354,0.106159262,0.001502417,0.169907689,22.71812057,0.010519662,1,53:53.1,,
5.00E-05,0.262374908,0.111790501,0.001510706,0.149073705,22.50786591,0.010529539,1,54:23.2,,
5.00E-05,0.270870954,0.113181904,0.001261388,0.156427667,22.39616585,0.0104982,1,54:53.3,,
5.00E-05,0.261320382,0.106329419,0.001331405,0.153659567,22.59175873,0.010511119,1,55:23.3,,
5.00E-05,0.264440805,0.102966525,0.001366359,0.160107911,23.07542038,0.010521268,1,55:53.4,,
5.00E-05,0.270866662,0.103470936,0.001612657,0.165783077,22.51917267,0.01050133,1,56:23.4,,
5.00E-05,0.263609976,0.101506621,0.001389393,0.160713971,23.31991959,0.010489019,1,56:53.4,,
5.00E-05,0.260470986,0.104079314,0.001339952,0.155051738,22.6121521,0.010494771,1,57:23.6,,
5.00E-05,0.272515833,0.107009895,0.001388871,0.164117083,23.12553406,0.010466965,1,57:53.6,,
5.00E-05,0.270899117,0.1027795,0.001311145,0.166808456,23.89059067,0.010455082,1,58:23.8,,
,,,,,,,1,58:44.9,0.891187012,14.97181892
5.00E-05,0.254152864,0.100475758,0.001235315,0.152441785,23.28250504,0.010443429,1,59:14.6,,
5.00E-05,0.254081607,0.096446879,0.001274339,0.156360388,23.5316658,0.010435141,1,59:44.7,,
5.00E-05,0.258883178,0.103364483,0.001262695,0.154256016,22.83641624,0.010418028,1,00:14.7,,
5.00E-05,0.282628745,0.106844284,0.001371934,0.174412534,22.73031044,0.010429853,1,00:44.7,,
5.00E-05,0.267222703,0.108409308,0.001279086,0.157534316,22.74048233,0.010443528,1,01:14.8,,
5.00E-05,0.266795099,0.108564787,0.001323583,0.156906739,22.49267769,0.010427739,1,01:44.8,,
5.00E-05,0.26964435,0.103710748,0.001185487,0.164748117,22.86168289,0.010409501,1,02:14.8,,
5.00E-05,0.277264625,0.106526375,0.001301874,0.16943638,22.53013229,0.010391593,1,02:44.8,,
5.00E-05,0.267784655,0.104998223,0.00125745,0.161528975,22.76021957,0.010367307,1,03:15.0,,
5.00E-05,0.258615166,0.103380851,0.001298415,0.153935894,23.60648346,0.010384981,1,03:45.0,,
5.00E-05,0.266048431,0.102751829,0.00138625,0.16191034,23.53362083,0.010384599,1,04:15.0,,
5.00E-05,0.281775415,0.114503577,0.001326629,0.165945202,21.85121155,0.010364584,1,04:45.0,,
5.00E-05,0.269414604,0.109000906,0.001380787,0.159032896,22.99866676,0.010334642,1,05:15.1,,
5.00E-05,0.254510492,0.099709958,0.001301286,0.153499246,24.16248131,0.010315668,1,05:45.2,,
5.00E-05,0.273723722,0.108175084,0.001254624,0.164294019,22.82686996,0.010315659,1,06:17.1,,
5.00E-05,0.278350085,0.111055911,0.001388062,0.165906101,22.74882126,0.01030127,1,06:47.1,,
5.00E-05,0.252975494,0.105826318,0.001186695,0.145962477,22.97521973,0.010314807,1,07:17.2,,
5.00E-05,0.269015461,0.100498363,0.001286969,0.167230129,24.12155342,0.010346949,1,07:47.2,,
5.00E-05,0.260609806,0.110688306,0.001314608,0.148606881,22.04801178,0.010325465,1,08:17.3,,
5.00E-05,0.271914244,0.110657543,0.001392894,0.159863815,22.69821358,0.010320548,1,08:47.3,,
5.00E-05,0.267776728,0.098000512,0.001373196,0.168403029,24.10329056,0.010285205,1,09:17.5,,
5.00E-05,0.258802056,0.104019634,0.001216615,0.153565794,23.33824348,0.010279357,1,09:47.5,,
5.00E-05,0.25600493,0.099114284,0.00108169,0.155808941,23.63868523,0.01025793,1,10:17.6,,
5.00E-05,0.25099647,0.099399395,0.001360874,0.150236189,23.60189819,0.01025453,1,10:47.7,,
5.00E-05,0.26577431,0.097656652,0.001276023,0.166841641,23.50997734,0.010239335,1,11:17.7,,
5.00E-05,0.255089343,0.100790709,0.00125751,0.153041109,23.45063782,0.010215418,1,11:47.8,,
5.00E-05,0.262216806,0.105751924,0.001225237,0.155239642,22.42994308,0.010204737,1,12:17.9,,
5.00E-05,0.264243424,0.1026631,0.001241758,0.160338566,22.70177841,0.010188984,1,12:48.0,,
5.00E-05,0.261492968,0.102685124,0.001494698,0.157313153,23.80421066,0.010192701,1,13:18.1,,
5.00E-05,0.260888994,0.102792531,0.001360513,0.156735942,23.4201889,0.010191583,1,13:48.1,,
5.00E-05,0.272924602,0.107416548,0.001200181,0.164307877,22.11118698,0.010180427,1,14:18.2,,
5.00E-05,0.258607924,0.103413366,0.001219096,0.153975472,23.34562492,0.010173462,1,14:48.2,,
5.00E-05,0.258433849,0.100116976,0.00124136,0.157075509,23.38295746,0.010181135,1,15:18.2,,
5.00E-05,0.272877783,0.108033739,0.001303937,0.16354011,22.58014488,0.010159056,1,15:48.3,,
5.00E-05,0.254534602,0.106644891,0.001381466,0.146508232,22.85689926,0.010126912,1,16:18.4,,
5.00E-05,0.254637539,0.105552919,0.001246802,0.147837803,23.3302536,0.010130828,1,16:48.4,,
5.00E-05,0.271216929,0.103108659,0.001360789,0.166747466,22.76530266,0.010138759,1,17:18.6,,
5.00E-05,0.259098113,0.105011538,0.001287086,0.152799487,23.12401772,0.010158232,1,17:48.6,,
5.00E-05,0.264224291,0.10526868,0.001160128,0.157795489,22.79822159,0.010158977,1,18:18.6,,
5.00E-05,0.27957207,0.11370033,0.001184659,0.164687067,21.42853737,0.010151148,1,18:48.7,,
5.00E-05,0.279129326,0.111287303,0.001332291,0.166509733,21.59820747,0.010114702,1,19:19.0,,
5.00E-05,0.25121513,0.102553651,0.001209775,0.147451714,22.8194828,0.010136764,1,19:49.0,,
5.00E-05,0.258682102,0.105365649,0.001239513,0.15207693,22.73676682,0.010115199,1,20:19.2,,
5.00E-05,0.260647297,0.102182604,0.001519694,0.15694499,23.27201653,0.010116467,1,20:49.1,,
5.00E-05,0.266907394,0.108419284,0.001276032,0.157212093,22.60700989,0.010092608,1,21:19.2,,
5.00E-05,0.26969564,0.098770827,0.001194461,0.16973035,23.81093597,0.010097185,1,21:49.2,,
5.00E-05,0.259298623,0.103601947,0.001260096,0.154436588,23.38793945,0.010103384,1,22:19.4,,
5.00E-05,0.265332192,0.105014697,0.001271884,0.159045622,22.58686256,0.010103658,1,22:49.4,,
5.00E-05,0.277083158,0.111491375,0.001142576,0.164449215,22.38821411,0.010109133,1,23:19.5,,
5.00E-05,0.258267552,0.103773147,0.001195098,0.153299317,23.04163742,0.010083026,1,23:49.5,,
5.00E-05,0.264059186,0.105193503,0.001336151,0.157529533,23.24270248,0.010068545,1,24:19.6,,
5.00E-05,0.26219666,0.10095524,0.001362827,0.159878597,23.37939072,0.010066048,1,24:51.4,,
5.00E-05,0.260296166,0.10244941,0.00116507,0.156681687,23.76814651,0.010068579,1,25:21.4,,
5.00E-05,0.253815532,0.101012193,0.001195158,0.151608199,23.84207726,0.01006137,1,25:51.5,,
5.00E-05,0.275303066,0.103405178,0.001170278,0.170727611,23.08626556,0.010051717,1,26:21.5,,
5.00E-05,0.256524205,0.102472529,0.001220499,0.152831182,23.27673721,0.010032889,1,26:51.5,,
5.00E-05,0.263173759,0.100540407,0.001206637,0.161426723,23.35518265,0.010039574,1,27:21.5,,
5.00E-05,0.256572187,0.100608602,0.00116111,0.154802486,23.45347214,0.010024764,1,27:51.5,,
5.00E-05,0.273307562,0.115728401,0.001138126,0.156441018,21.86112404,0.010010414,1,28:21.7,,
5.00E-05,0.258988261,0.097317249,0.00122351,0.160447493,23.67049217,0.009990362,1,28:51.7,,
5.00E-05,0.251802206,0.102667846,0.001271834,0.147862509,23.64851761,0.009998146,1,29:21.7,,
5.00E-05,0.272716582,0.108525626,0.001234421,0.162956521,22.87377357,0.009977984,1,29:51.8,,
5.00E-05,0.261709481,0.106612846,0.001280098,0.153816536,22.64703941,0.009959371,1,30:21.9,,
5.00E-05,0.254587591,0.107508875,0.001360812,0.145717904,22.75610161,0.009923036,1,30:51.9,,
5.00E-05,0.277739286,0.11141941,0.001258652,0.165061235,22.00571251,0.00990296,1,31:22.0,,
5.00E-05,0.269287914,0.103645876,0.001260748,0.164381281,23.30093384,0.009894992,1,31:52.0,,
5.00E-05,0.261419594,0.101626903,0.001289228,0.158503458,23.3301754,0.009860336,1,32:22.1,,
5.00E-05,0.261196494,0.101882212,0.001217324,0.158096954,23.71282578,0.009854959,1,32:52.2,,
5.00E-05,0.262637436,0.102919236,0.001182247,0.158535972,22.91238785,0.009849434,1,33:22.2,,
5.00E-05,0.258337498,0.105056189,0.001193376,0.152087942,23.02056885,0.009844437,1,33:52.3,,
5.00E-05,0.266061515,0.107298501,0.001612452,0.157150552,23.505867,0.009859668,1,34:22.3,,
5.00E-05,0.252376735,0.101193234,0.001172918,0.150010571,22.9852562,0.009832105,1,34:52.4,,
5.00E-05,0.249920487,0.100662552,0.001204776,0.148053154,23.25919724,0.009843547,1,35:22.4,,
5.00E-05,0.263408303,0.104615346,0.001351292,0.157441676,22.92658043,0.009871429,1,35:52.4,,
5.00E-05,0.262556553,0.10665521,0.001198351,0.154703006,22.5275116,0.009882563,1,36:22.5,,
5.00E-05,0.263750136,0.106501974,0.001240047,0.156008124,23.15470505,0.009883156,1,36:52.5,,
5.00E-05,0.254227608,0.103169136,0.00112092,0.149937555,23.10519409,0.009877696,1,37:22.6,,
5.00E-05,0.273197323,0.105478182,0.001212072,0.166507065,22.89917183,0.009856509,1,37:52.6,,
5.00E-05,0.263609409,0.097662501,0.001173208,0.164773718,23.87207222,0.009841134,1,38:22.6,,
5.00E-05,0.256284475,0.09406852,0.001173685,0.161042273,24.46141815,0.009835757,1,39:01.6,,
5.00E-05,0.251407653,0.094814233,0.00156599,0.155027419,24.31092834,0.00984287,1,39:31.9,,
5.00E-05,0.265595794,0.104362242,0.001411978,0.159821585,22.83188248,0.009856162,1,40:02.0,,
5.00E-05,0.257881582,0.102961883,0.001381467,0.153538242,23.02398872,0.009857939,1,40:32.0,,
5.00E-05,0.271833718,0.102948315,0.00144766,0.167437747,23.66308212,0.009807438,1,41:02.1,,
5.00E-05,0.256581157,0.09745723,0.001320658,0.157803267,24.17547989,0.009858399,1,41:32.2,,
5.00E-05,0.25388062,0.100364961,0.001253715,0.152261958,23.44657707,0.00987618,1,42:02.3,,
5.00E-05,0.265696406,0.104814894,0.001415779,0.15946573,22.93823433,0.009858347,1,42:32.5,,
5.00E-05,0.275353104,0.106249772,0.001439673,0.167663664,22.94844055,0.009850547,1,43:02.5,,
5.00E-05,0.254780322,0.102736808,0.001260069,0.150783435,23.03753853,0.009811989,1,43:34.3,,
5.00E-05,0.275910467,0.108816199,0.00127582,0.165818438,22.44547272,0.009814217,1,44:04.5,,
5.00E-05,0.262693912,0.105302326,0.001338025,0.156053558,23.32920837,0.009837826,1,44:34.7,,
5.00E-05,0.265665084,0.106296249,0.001294124,0.158074722,23.04067802,0.009815714,1,45:04.8,,
5.00E-05,0.258784205,0.10231708,0.001321589,0.155145541,23.60899925,0.009826387,1,45:34.9,,
5.00E-05,0.278004408,0.10818395,0.001188736,0.168631718,22.95543289,0.009803814,1,46:05.0,,
5.00E-05,0.275906205,0.108444251,0.001488956,0.165972993,22.6929493,0.009782506,1,46:35.1,,
5.00E-05,0.256956965,0.101360597,0.001412793,0.154183581,23.44468117,0.009741687,1,47:05.2,,
5.00E-05,0.269149572,0.09809164,0.001223536,0.169834405,23.86285591,0.00973897,1,47:35.2,,
5.00E-05,0.260174394,0.103504807,0.001363993,0.155305579,23.13476563,0.009740744,1,48:05.4,,
5.00E-05,0.261028111,0.103884116,0.001317987,0.155826017,23.15649033,0.009741742,1,48:35.5,,
5.00E-05,0.266115427,0.108541526,0.001300206,0.156273708,22.96964836,0.009721329,1,49:05.5,,
5.00E-05,0.278746337,0.105598845,0.0013355,0.171811998,22.53322983,0.009712452,1,49:35.6,,
5.00E-05,0.271000326,0.104214028,0.001348616,0.165437683,22.71306229,0.009698661,1,50:05.7,,
5.00E-05,0.259068489,0.097747423,0.001188976,0.160132095,24.22277641,0.009690871,1,50:35.7,,
5.00E-05,0.266212404,0.10337764,0.001405615,0.161429137,23.63767624,0.00969757,1,51:05.7,,
5.00E-05,0.259595096,0.103311539,0.001243548,0.155040011,23.29895401,0.009691278,1,51:35.7,,
5.00E-05,0.257249534,0.104441278,0.001365071,0.151443183,23.13737679,0.009701594,1,52:05.8,,
5.00E-05,0.271327972,0.109823786,0.001310903,0.160193279,22.67969894,0.009678075,1,52:35.8,,
5.00E-05,0.265655696,0.099153973,0.001203167,0.165298566,23.45086861,0.009636294,1,53:05.8,,
5.00E-05,0.25986582,0.104838789,0.001319843,0.153707191,22.58797836,0.009623272,1,53:35.8,,
5.00E-05,0.2660667,0.101826258,0.001256034,0.162984416,22.8148365,0.009608842,1,54:05.9,,
5.00E-05,0.268691242,0.106887028,0.001325453,0.160478756,22.05836296,0.009624374,1,54:35.9,,
5.00E-05,0.264721096,0.102957174,0.001312164,0.160451755,23.14055443,0.009588873,1,55:05.9,,
5.00E-05,0.262131661,0.102260895,0.001392319,0.158478454,22.92372513,0.009596645,1,55:36.0,,
5.00E-05,0.265095294,0.105061166,0.001276158,0.15875797,23.15433693,0.009586423,1,56:06.1,,
5.00E-05,0.247668222,0.092041425,0.001241009,0.15438579,24.41964722,0.009562527,1,56:36.0,,
5.00E-05,0.259140074,0.103367738,0.001276954,0.154495388,23.4078064,0.009563228,1,57:06.1,,
5.00E-05,0.26526022,0.107820258,0.001240797,0.156199172,23.07910728,0.009576864,1,57:36.2,,
5.00E-05,0.272155464,0.107344627,0.001294261,0.163516566,22.7055378,0.009569269,1,58:06.2,,
5.00E-05,0.259325027,0.104049861,0.001440656,0.153834492,23.14592361,0.009560606,1,58:36.2,,
5.00E-05,0.264371037,0.101663046,0.001290604,0.161417395,22.97950935,0.009588429,1,59:06.4,,
5.00E-05,0.268608153,0.101083428,0.00125723,0.166267499,23.6300106,0.009560529,1,59:36.6,,
5.00E-05,0.255929351,0.101451419,0.001391721,0.153086215,22.97009277,0.009585134,1,00:06.8,,
5.00E-05,0.253731519,0.102385633,0.001173182,0.150172696,23.13383484,0.009567421,1,00:36.8,,
5.00E-05,0.263740361,0.099508412,0.001297022,0.162934944,23.67155075,0.009552806,1,01:06.9,,
5.00E-05,0.266032726,0.099919282,0.001360569,0.164752871,24.04573059,0.009554354,1,01:36.9,,
5.00E-05,0.267889917,0.107219756,0.001367899,0.15930225,22.0781498,0.009542158,1,02:08.7,,
5.00E-05,0.27097559,0.104471706,0.001273139,0.165230736,23.48669434,0.009513266,1,02:38.7,,
5.00E-05,0.255162686,0.100094132,0.001393114,0.153675437,23.63334465,0.009521813,1,03:08.8,,
5.00E-05,0.266449481,0.108584739,0.001244382,0.156620368,22.56193352,0.0095124,1,03:38.8,,
5.00E-05,0.261539757,0.097453259,0.001403377,0.162683129,24.25590706,0.00949408,1,04:08.9,,
5.00E-05,0.256209552,0.096173398,0.001308714,0.158727422,23.99625397,0.009456623,1,04:39.1,,
5.00E-05,0.272642493,0.105391115,0.001317295,0.165934071,22.49732208,0.009442655,1,05:09.1,,
5.00E-05,0.260464817,0.105067,0.001333329,0.154064491,23.24097443,0.009427237,1,05:39.1,,
5.00E-05,0.257515967,0.098146647,0.001318523,0.15805079,23.79302979,0.009428604,1,06:09.2,,
5.00E-05,0.257413268,0.104362741,0.001210395,0.15184015,22.76437378,0.009425777,1,06:39.3,,
5.00E-05,0.273715019,0.104783937,0.001249552,0.16768153,22.29896545,0.009428249,1,07:09.4,,
5.00E-05,0.252678484,0.097249888,0.00132747,0.154101118,24.11799431,0.009436484,1,07:39.4,,
5.00E-05,0.265748173,0.10025502,0.001252561,0.164240584,23.90821075,0.00945932,1,08:09.5,,
5.00E-05,0.254983544,0.096554175,0.001209672,0.157219708,24.43082619,0.009456782,1,08:39.5,,
5.00E-05,0.25824666,0.104943469,0.001244652,0.152058527,22.96789551,0.009447109,1,09:09.5,,
5.00E-05,0.24553819,0.095822722,0.001486483,0.148228988,24.14774704,0.009445749,1,09:39.6,,
5.00E-05,0.265518993,0.098957315,0.001326584,0.165235087,23.84049988,0.009442714,1,10:09.6,,
,,,,,,,,,,
5.00E-05,0.304255009,0.134705305,0.001967011,0.167582676,21.04081345,0.009727117,2,44:11.7,,
5.00E-05,0.309111774,0.129076242,0.002172182,0.17786333,21.61441803,0.009789702,2,44:34.8,,
5.00E-05,0.309888989,0.137446716,0.002230424,0.170211852,20.69727325,0.009844035,2,44:57.8,,
5.00E-05,0.298373938,0.130565837,0.002210432,0.165597647,21.07895279,0.009873609,2,45:20.7,,
5.00E-05,0.299906731,0.135700434,0.00222466,0.161981627,20.69525909,0.009970636,2,45:43.8,,
5.00E-05,0.306555092,0.127064347,0.002332716,0.177158043,21.30619049,0.01003876,2,46:06.7,,
5.00E-05,0.301033646,0.133769095,0.00230492,0.164959624,21.05651474,0.010102931,2,46:29.7,,
5.00E-05,0.295006514,0.124405526,0.002124105,0.168476894,21.87405586,0.010170237,2,46:52.8,,
5.00E-05,0.292841464,0.132392704,0.00226729,0.158181474,20.8944912,0.01021937,2,47:15.8,,
5.00E-05,0.293189436,0.124734342,0.002264812,0.166190282,21.7874527,0.010236508,2,47:38.8,,
5.00E-05,0.288720101,0.123577833,0.002141934,0.16300033,21.58817482,0.010288565,2,48:01.7,,
5.00E-05,0.292766571,0.127873898,0.002316788,0.162575901,21.65647888,0.010326859,2,48:24.6,,
5.00E-05,0.291306436,0.126505286,0.002191585,0.162609562,21.60788345,0.010359395,2,48:47.6,,
5.00E-05,0.300944924,0.124645881,0.002351323,0.173947737,21.9190979,0.010376813,2,49:10.6,,
5.00E-05,0.291894317,0.126272514,0.002392679,0.163229108,21.39639282,0.010376447,2,49:33.5,,
5.00E-05,0.301989913,0.135140598,0.002371026,0.164478302,21.10900879,0.010367054,2,49:56.5,,
5.00E-05,0.303356826,0.129840299,0.002346497,0.171170041,21.41746712,0.010378436,2,50:19.5,,
5.00E-05,0.292519867,0.121857584,0.002306597,0.168355688,22.01345253,0.010415927,2,50:42.3,,
5.00E-05,0.283471793,0.116837434,0.002297438,0.16433692,22.69347191,0.010460015,2,51:05.3,,
5.00E-05,0.293965518,0.117973343,0.002281394,0.173710778,22.16003799,0.010516116,2,51:28.2,,
5.00E-05,0.295991689,0.129301921,0.002021091,0.164668679,21.2297039,0.010495743,2,51:51.1,,
5.00E-05,0.284554005,0.1242534,0.002129528,0.158171058,21.95560074,0.01047025,2,52:14.0,,
5.00E-05,0.288960308,0.133618161,0.002222183,0.153119966,21.2038517,0.010477232,2,52:37.0,,
5.00E-05,0.282985985,0.119205557,0.002202597,0.161577836,21.61289406,0.010482238,2,52:59.8,,
5.00E-05,0.288635433,0.12012431,0.002260367,0.16625075,21.69431877,0.010530915,2,53:22.8,,
5.00E-05,0.289969444,0.12774469,0.002126275,0.160098478,21.46734619,0.010549672,2,53:45.6,,
5.00E-05,0.27794078,0.121738367,0.002242564,0.153959855,22.01721382,0.010527686,2,54:08.6,,
5.00E-05,0.28264457,0.120837711,0.002266798,0.159540057,21.66548538,0.010533662,2,54:31.5,,
5.00E-05,0.277732968,0.123233072,0.001933536,0.152566373,22.05770493,0.010578954,2,54:54.4,,
5.00E-05,0.284648627,0.117824703,0.00226045,0.164563477,22.35916138,0.010577033,2,55:17.4,,
5.00E-05,0.290436059,0.129024252,0.002311466,0.159100339,21.4263649,0.010576771,2,55:42.2,,
5.00E-05,0.29391709,0.118076183,0.002479772,0.173361138,22.29589844,0.010578031,2,56:05.1,,
5.00E-05,0.29056567,0.129005551,0.002217782,0.159342319,21.53932953,0.010548576,2,56:28.1,,
5.00E-05,0.29615134,0.126095504,0.002190515,0.167865321,21.71759415,0.010594215,2,56:51.0,,
5.00E-05,0.28728658,0.126310885,0.002161355,0.158814341,21.39625549,0.010612416,2,57:14.0,,
5.00E-05,0.275555938,0.114542253,0.002249539,0.158764154,22.57099915,0.010610058,2,57:36.9,,
5.00E-05,0.292190313,0.126279607,0.002305395,0.163605317,21.65467262,0.010648604,2,57:59.9,,
5.00E-05,0.29542762,0.124422893,0.002227211,0.168777511,21.56758118,0.01063432,2,58:22.8,,
5.00E-05,0.300785035,0.127372235,0.002298187,0.171114609,21.63023758,0.010647838,2,58:45.7,,
5.00E-05,0.303340435,0.129040226,0.002103203,0.172196999,21.5044117,0.010700935,2,59:08.7,,
5.00E-05,0.298587978,0.127982855,0.00226529,0.168339834,21.09191513,0.010708807,2,59:32.1,,
5.00E-05,0.292208254,0.122993477,0.002339819,0.166874945,21.79784012,0.010704596,2,59:55.0,,
5.00E-05,0.291640401,0.128891021,0.002311118,0.160438254,21.22046661,0.010680631,2,00:18.0,,
5.00E-05,0.295422375,0.122833878,0.002351832,0.170236662,21.77179146,0.01068161,2,00:40.9,,
5.00E-05,0.276100993,0.116415359,0.002256111,0.157429516,22.56944466,0.010705958,2,01:03.8,,
5.00E-05,0.291022986,0.119086057,0.002252608,0.169684321,22.36315727,0.010685155,2,01:26.7,,
5.00E-05,0.288086146,0.121266656,0.002276445,0.164543048,21.83173752,0.010700701,2,01:49.7,,
5.00E-05,0.29027468,0.129906327,0.002154664,0.158213675,21.22460365,0.010759849,2,02:12.6,,
5.00E-05,0.287993759,0.11790774,0.002133437,0.167952582,22.40195847,0.010769402,2,02:35.6,,
5.00E-05,0.30658114,0.127763703,0.00221212,0.176605314,21.10017586,0.010766495,2,02:58.5,,
5.00E-05,0.281677902,0.119894698,0.002321857,0.159461334,22.00284576,0.010777328,2,03:21.4,,
5.00E-05,0.263211459,0.113067381,0.002313132,0.147830948,22.76175308,0.010772791,2,03:44.3,,
5.00E-05,0.297102094,0.131524131,0.002285887,0.16329208,20.940588,0.010788202,2,04:07.3,,
5.00E-05,0.279828787,0.126722157,0.00236737,0.150739238,21.02083206,0.010776054,2,04:30.2,,
5.00E-05,0.294121534,0.12158972,0.002227352,0.170304462,21.67410088,0.010798099,2,04:53.1,,
5.00E-05,0.297359824,0.12594521,0.002076161,0.169338435,21.60799408,0.010816569,2,05:16.0,,
5.00E-05,0.288701683,0.118138365,0.002146331,0.168416992,22.52667427,0.010872857,2,05:39.0,,
5.00E-05,0.275807619,0.129765809,0.002173279,0.143868536,21.39583778,0.010891277,2,06:01.9,,
5.00E-05,0.27390942,0.11486315,0.002090645,0.15695563,22.45620918,0.010860581,2,06:24.9,,
5.00E-05,0.294054419,0.121274516,0.002181982,0.170597911,22.12350655,0.010820639,2,06:57.6,,
5.00E-05,0.25342834,0.102552705,0.002164258,0.148711383,23.59323692,0.010899507,2,07:28.4,,
5.00E-05,0.275687426,0.108959287,0.002142025,0.164586112,23.33594131,0.010860607,2,07:59.1,,
5.00E-05,0.269544929,0.109891854,0.001855346,0.157797739,22.01884079,0.01081643,2,08:29.9,,
5.00E-05,0.271833092,0.11031352,0.001816858,0.159702703,22.79344559,0.01084636,2,09:00.7,,
5.00E-05,0.266507119,0.104586616,0.001916355,0.160004139,23.31027794,0.010782783,2,09:31.4,,
5.00E-05,0.283180535,0.111069128,0.001812596,0.1702988,22.31828308,0.010762697,2,10:02.1,,
5.00E-05,0.259304017,0.105153747,0.001765461,0.152384803,22.48914337,0.010745958,2,10:32.8,,
5.00E-05,0.256757677,0.104826353,0.001728535,0.150202781,23.20824814,0.010721003,2,11:05.5,,
5.00E-05,0.259311318,0.10322842,0.001627163,0.154455751,22.72558594,0.01065795,2,11:36.3,,
5.00E-05,0.261432052,0.106326982,0.001618368,0.153486684,23.02392769,0.01064292,2,12:07.2,,
5.00E-05,0.28278181,0.10651233,0.00179609,0.17447339,22.81997681,0.010622248,2,12:38.0,,
5.00E-05,0.262733102,0.107012525,0.001608359,0.154112205,22.79333115,0.010603874,2,13:08.6,,
5.00E-05,0.26941061,0.106065206,0.001704278,0.161641136,23.15217972,0.010577426,2,13:39.4,,
5.00E-05,0.269410193,0.106814027,0.001534685,0.161061481,22.55768013,0.010560211,2,14:10.2,,
5.00E-05,0.262576789,0.109671965,0.001691074,0.15121375,22.7228241,0.010495082,2,14:41.0,,
5.00E-05,0.267002404,0.10073702,0.001458966,0.164806411,23.5518856,0.01049343,2,15:11.6,,
5.00E-05,0.261569381,0.098932274,0.001595488,0.161041617,23.86113739,0.010472376,2,15:42.5,,
5.00E-05,0.260340929,0.102255791,0.001556958,0.15652819,23.60898781,0.010411482,2,16:13.3,,
5.00E-05,0.271725833,0.10334973,0.001364093,0.167012021,23.20109558,0.010384752,2,16:44.1,,
5.00E-05,0.260280311,0.108536758,0.00147688,0.150266677,22.01812935,0.010358546,2,17:15.0,,
5.00E-05,0.27178961,0.104847595,0.001438375,0.165503636,22.82586098,0.010368266,2,17:46.0,,
5.00E-05,0.265743971,0.100709595,0.001299312,0.163735047,23.558815,0.010351007,2,18:16.7,,
5.00E-05,0.262482703,0.110813424,0.001477474,0.150191799,22.44786835,0.010320942,2,18:47.5,,
5.00E-05,0.262809485,0.107691236,0.001554844,0.15356341,22.43685722,0.010284789,2,19:18.3,,
5.00E-05,0.262960196,0.108830497,0.001403488,0.152726218,22.97898293,0.01024627,2,19:49.1,,
5.00E-05,0.269004226,0.105487376,0.001459999,0.162056848,23.53172684,0.010221831,2,20:19.8,,
5.00E-05,0.263520509,0.099023379,0.00130254,0.163194582,23.48087502,0.01019798,2,20:50.6,,
5.00E-05,0.263192147,0.10047587,0.001246126,0.161470145,23.04826736,0.010169311,2,21:21.3,,
5.00E-05,0.256329179,0.095445082,0.001378944,0.159505144,24.28067017,0.010176388,2,21:52.1,,
5.00E-05,0.262390137,0.098553322,0.001395817,0.162441,23.8114624,0.01013034,2,22:22.9,,
5.00E-05,0.254289776,0.09972655,0.001385988,0.153177232,23.16051483,0.010119198,2,22:53.7,,
5.00E-05,0.270464569,0.101393573,0.001317113,0.167753875,23.15374756,0.010130486,2,23:24.5,,
5.00E-05,0.276582956,0.107927412,0.001329217,0.167326331,22.04226685,0.010136696,2,23:55.3,,
5.00E-05,0.240360767,0.098823331,0.001370357,0.140167072,23.11118126,0.010161938,2,24:26.0,,
5.00E-05,0.261667609,0.100737073,0.001299238,0.159631297,23.25236893,0.010135898,2,24:56.8,,
5.00E-05,0.267259121,0.107933171,0.001457728,0.157868221,22.84846115,0.010107702,2,25:27.5,,
5.00E-05,0.255418479,0.101862624,0.001351374,0.152204469,23.06354523,0.010094292,2,25:58.3,,
5.00E-05,0.261946023,0.107454434,0.00154128,0.152950317,22.24038887,0.010110459,2,26:29.0,,
5.00E-05,0.251547486,0.098769203,0.001386429,0.151391849,23.2829361,0.01009177,2,26:59.7,,
5.00E-05,0.250094831,0.103771687,0.001205951,0.145117208,23.22556305,0.010095187,2,27:30.5,,
5.00E-05,0.26478985,0.109126054,0.001381072,0.154282719,22.48323441,0.010078252,2,28:01.3,,
5.00E-05,0.26455763,0.101550065,0.001259365,0.161748201,22.87174416,0.010067282,2,28:32.1,,
5.00E-05,0.25911656,0.097576126,0.001263804,0.160276622,23.9198494,0.010068017,2,29:02.9,,
5.00E-05,0.281579107,0.114423655,0.001467586,0.165687874,21.55713272,0.01006673,2,29:35.7,,
5.00E-05,0.277617633,0.109702408,0.001307936,0.166607305,22.80666351,0.010013781,2,30:06.4,,
5.00E-05,0.260835588,0.106487937,0.001387431,0.152960226,22.93381691,0.009974512,2,30:37.1,,
5.00E-05,0.26278466,0.099762373,0.00135803,0.161664248,23.92276955,0.009980255,2,31:08.0,,
5.00E-05,0.262272298,0.103826471,0.001469384,0.156976432,23.42167091,0.009975939,2,31:38.8,,
5.00E-05,0.260750055,0.099524401,0.001357509,0.159868136,23.83931351,0.009956768,2,32:09.6,,
5.00E-05,0.257188618,0.103542253,0.00143263,0.152213737,23.37756157,0.00995756,2,32:40.3,,
5.00E-05,0.275719494,0.106796682,0.001226389,0.167696431,22.57397461,0.009942525,2,33:11.1,,
5.00E-05,0.271217942,0.102481127,0.001475033,0.167261794,22.75115204,0.009910679,2,33:41.8,,
5.00E-05,0.267868549,0.100228064,0.001160487,0.16647999,23.14554214,0.009917368,2,34:12.7,,
5.00E-05,0.257427514,0.098947607,0.001183833,0.157296076,23.8175602,0.009894865,2,34:43.4,,
5.00E-05,0.251111627,0.104604967,0.001255233,0.145251423,22.98462868,0.009869122,2,35:14.2,,
5.00E-05,0.258545607,0.09873075,0.001452163,0.158362702,23.54271317,0.009858042,2,35:44.9,,
5.00E-05,0.25600186,0.100112773,0.001225242,0.154663846,23.41044426,0.009859546,2,36:15.6,,
5.00E-05,0.265143633,0.104208432,0.001302648,0.159632549,23.51001358,0.009838882,2,36:46.5,,
5.00E-05,0.246296823,0.09355513,0.001297871,0.151443824,23.80394173,0.009803534,2,37:17.3,,
5.00E-05,0.287013412,0.108112186,0.001360858,0.177540377,21.69668388,0.009772551,2,37:48.1,,
5.00E-05,0.270805836,0.103347108,0.001333996,0.166124746,23.57465935,0.009776099,2,38:19.3,,
5.00E-05,0.271964848,0.107995763,0.001280295,0.162688777,22.61349869,0.009793409,2,38:50.0,,
5.00E-05,0.260340035,0.100597665,0.001178286,0.158564076,23.10272217,0.00978762,2,39:20.9,,
5.00E-05,0.260138392,0.102968857,0.001251274,0.15591827,22.75705719,0.009774608,2,39:51.6,,
5.00E-05,0.256701469,0.097963452,0.001235113,0.157502905,23.61850548,0.009778271,2,40:22.3,,
5.00E-05,0.251953483,0.104939163,0.001278016,0.145736292,23.23119354,0.009778445,2,40:53.1,,
5.00E-05,0.255575687,0.106953114,0.001257916,0.147364661,22.17921829,0.009767278,2,41:24.0,,
5.00E-05,0.253943801,0.091907181,0.001323577,0.160713062,24.66196442,0.009748992,2,41:54.7,,
5.00E-05,0.25266552,0.103753619,0.001173112,0.147738799,22.90690422,0.009737168,2,42:25.3,,
5.00E-05,0.275855243,0.112390317,0.001160197,0.162304714,21.79014015,0.00971581,2,42:56.0,,
5.00E-05,0.261361331,0.101559371,0.001295633,0.158506319,22.99279404,0.009717756,2,43:26.8,,
5.00E-05,0.248825133,0.101490013,0.001234761,0.146100357,22.90859032,0.009696779,2,43:57.6,,
5.00E-05,0.258381665,0.105615333,0.001214074,0.151552275,22.61470413,0.009696687,2,44:28.4,,
5.00E-05,0.273098558,0.108234182,0.001266585,0.163597792,22.38131523,0.009685444,2,44:59.3,,
5.00E-05,0.259695202,0.097713314,0.001123874,0.160858005,23.79838562,0.009677161,2,45:30.1,,
5.00E-05,0.248532504,0.101799473,0.001404041,0.145328999,23.04246712,0.00966015,2,46:00.9,,
5.00E-05,0.245015621,0.102586672,0.00122412,0.141204819,23.30657005,0.009613352,2,46:31.6,,
5.00E-05,0.269638181,0.107603051,0.001218335,0.160816804,22.12456703,0.009594768,2,47:02.3,,
5.00E-05,0.259575844,0.096428446,0.001409184,0.161738202,24.06045532,0.009563019,2,47:33.1,,
5.00E-05,0.265389919,0.10418275,0.001252996,0.15995419,22.28795242,0.009567511,2,48:03.8,,
5.00E-05,0.273009062,0.106136903,0.001256484,0.165615663,23.00872803,0.00956021,2,48:36.5,,
5.00E-05,0.269313127,0.110928133,0.001318554,0.157066435,22.24370766,0.009551922,2,49:07.2,,
5.00E-05,0.24195455,0.101324432,0.001199106,0.139431015,23.27980995,0.009556497,2,49:38.0,,
5.00E-05,0.28275305,0.105834104,0.001297923,0.175621018,23.1272316,0.009574809,2,50:08.7,,
5.00E-05,0.271673352,0.102690414,0.001259214,0.16772373,23.41888237,0.009597266,2,50:39.4,,
5.00E-05,0.257711589,0.104556724,0.001309812,0.151845053,22.54066086,0.00959788,2,51:10.1,,
5.00E-05,0.26562953,0.101733781,0.001409277,0.162486479,22.98282814,0.009580459,2,51:40.9,,
5.00E-05,0.263838321,0.105106935,0.00131429,0.157417089,22.98767853,0.009574887,2,52:11.6,,
5.00E-05,0.255664974,0.094925985,0.001303267,0.159435734,23.78264618,0.009596273,2,52:42.4,,
5.00E-05,0.257447243,0.095785357,0.0012955,0.160366401,23.8359375,0.009589051,2,53:13.1,,
5.00E-05,0.266378611,0.099778771,0.001409634,0.165190205,23.01037598,0.009570423,2,53:43.9,,
5.00E-05,0.257002592,0.104225889,0.001380909,0.151395783,23.46624565,0.009553617,2,54:14.7,,
5.00E-05,0.268143326,0.103448041,0.001203269,0.163492024,22.61316109,0.009567366,2,54:45.4,,
5.00E-05,0.257379413,0.104458414,0.001313781,0.151607201,22.87960243,0.009540788,2,55:16.2,,
5.00E-05,0.253772885,0.093329899,0.001187503,0.15925549,23.60158539,0.009531233,2,55:47.0,,
5.00E-05,0.258675337,0.103827529,0.001263165,0.153584644,22.51938629,0.009503242,2,56:17.8,,
5.00E-05,0.265516251,0.105641931,0.001286749,0.158587575,22.56055832,0.009489449,2,56:48.7,,
5.00E-05,0.266690373,0.102041535,0.001272389,0.163376436,23.42904663,0.009500651,2,57:19.6,,
5.00E-05,0.260458887,0.102512009,0.001233005,0.156713873,23.59506226,0.009489454,2,57:50.4,,
5.00E-05,0.258163869,0.097395368,0.001273006,0.159495503,23.85635757,0.009485776,2,58:30.3,,
5.00E-05,0.258757561,0.099614538,0.001385569,0.157757446,23.68473244,0.0094684,2,59:01.3,,
5.00E-05,0.269980252,0.105221294,0.001404028,0.163354933,23.17596054,0.009466491,2,59:32.1,,
5.00E-05,0.268143773,0.101724982,0.001291469,0.165127337,23.37776375,0.009458897,2,00:02.8,,
5.00E-05,0.258647591,0.094524905,0.00167151,0.162451178,24.533041,0.009437799,2,00:33.6,,
5.00E-05,0.262122363,0.108151652,0.001471641,0.152499065,22.21286392,0.00941752,2,01:04.3,,
5.00E-05,0.249152943,0.095516697,0.001396072,0.152240172,24.2045784,0.009405891,2,01:35.0,,
5.00E-05,0.267307818,0.102928892,0.001323224,0.163055703,23.10903358,0.0093833,2,02:05.8,,
5.00E-05,0.259713948,0.09895169,0.001151948,0.159610301,23.35996819,0.009381315,2,02:36.5,,
5.00E-05,0.26157409,0.102420181,0.00137371,0.1577802,23.0060215,0.009329335,2,03:07.2,,
5.00E-05,0.257338524,0.098867469,0.001374642,0.157096431,23.91038132,0.009311518,2,03:37.9,,
5.00E-05,0.262513608,0.110181883,0.00124166,0.151090071,22.21038818,0.009308912,2,04:08.7,,
5.00E-05,0.266872942,0.105272524,0.001231659,0.16036877,22.72081375,0.009303835,2,04:39.4,,
5.00E-05,0.256587803,0.099634975,0.001276056,0.155676782,23.63032341,0.009304141,2,05:10.2,,
5.00E-05,0.249529779,0.094525978,0.001304341,0.153699458,23.92417717,0.009292064,2,05:40.9,,
5.00E-05,0.247611001,0.093460374,0.001374342,0.152776286,24.16319847,0.009287616,2,06:11.7,,
5.00E-05,0.273491502,0.108404651,0.001315831,0.163771018,21.68438339,0.009288807,2,06:42.4,,
5.00E-05,0.253788173,0.094359197,0.001384022,0.158044964,24.01281738,0.009264955,2,07:13.2,,
5.00E-05,0.258601487,0.105722383,0.00140993,0.151469156,22.57837296,0.009300779,2,07:45.8,,
5.00E-05,0.260579705,0.099037126,0.00124182,0.160300747,23.97533607,0.009288272,2,08:16.6,,
5.00E-05,0.254930049,0.099215478,0.001239069,0.154475495,23.6264267,0.009284765,2,08:47.4,,
5.00E-05,0.261834651,0.103003815,0.001330923,0.157499924,23.01070786,0.00927775,2,09:18.1,,
5.00E-05,0.262352586,0.107045628,0.001400964,0.153906003,22.71835518,0.009263852,2,09:48.8,,
5.00E-05,0.281378508,0.108608201,0.001303977,0.171466336,22.60131836,0.009253008,2,10:19.6,,
5.00E-05,0.263034791,0.099684618,0.001394495,0.16195567,23.79980087,0.009224902,2,10:50.5,,
5.00E-05,0.258244514,0.102461971,0.001307877,0.154474661,23.45677376,0.009213231,2,11:21.3,,
5.00E-05,0.260019481,0.098678291,0.00124273,0.160098478,23.12088203,0.009216755,2,11:52.0,,
5.00E-05,0.264143527,0.102579713,0.001280618,0.160283193,23.02884674,0.009208008,2,12:22.9,,
5.00E-05,0.27092126,0.107774988,0.001330166,0.161816105,22.5961647,0.009207999,2,12:53.6,,
5.00E-05,0.260953188,0.098159455,0.001310226,0.161483511,23.84912109,0.009208557,2,13:24.4,,
5.00E-05,0.267209858,0.103678867,0.001276706,0.162254289,22.62478065,0.009162514,2,13:55.1,,
5.00E-05,0.281977594,0.111233443,0.001437072,0.169307098,22.66120148,0.009201797,2,14:25.8,,
5.00E-05,0.254187405,0.10468515,0.001274555,0.148227692,23.28518677,0.009200665,2,14:56.4,,
5.00E-05,0.265085042,0.107801877,0.001212478,0.156070694,22.66386223,0.009199438,2,15:27.3,,
5.00E-05,0.255665392,0.101735055,0.001190719,0.152739614,22.65846062,0.009186489,2,15:58.2,,
5.00E-05,0.261796176,0.09978763,0.0012177,0.160790846,23.24844742,0.009211333,2,16:29.0,,
5.00E-05,0.264934957,0.098902233,0.001382682,0.164650038,22.86953163,0.009215216,2,16:59.6,,
5.00E-05,0.260561705,0.098206371,0.001282899,0.161072418,23.45013428,0.009228808,2,17:30.3,,
5.00E-05,0.255201161,0.099648006,0.001274068,0.154279083,23.14789581,0.009237913,2,18:01.1,,
5.00E-05,0.264857352,0.100775637,0.001316587,0.16276513,23.57240486,0.009200863,2,18:31.9,,
5.00E-05,0.265097797,0.097424336,0.001194711,0.166478768,24.33481598,0.009153519,2,19:02.6,,
,,,,,,,2,19:24.9,0.880516291,15.16020298
5.00E-05,0.248389736,0.095480286,0.001232499,0.151676953,23.65989685,0.009154293,2,19:55.4,,
5.00E-05,0.253495485,0.095982462,0.001224864,0.156288162,23.73040009,0.009179343,2,20:26.1,,
5.00E-05,0.25153783,0.096068881,0.001208054,0.154260889,23.64785767,0.009155161,2,20:56.9,,
5.00E-05,0.277075827,0.101869062,0.001284645,0.173922107,23.10675812,0.009150103,2,21:27.6,,
5.00E-05,0.264721364,0.105691642,0.001236285,0.157793432,23.08831215,0.009130098,2,21:58.3,,
5.00E-05,0.26149711,0.103773512,0.001251456,0.156472132,22.99332809,0.00911183,2,22:29.0,,
5.00E-05,0.268017173,0.103509381,0.001136391,0.163371399,23.09157944,0.009119298,2,22:59.8,,
5.00E-05,0.274501204,0.105182707,0.001223686,0.168094799,22.52887344,0.009101552,2,23:30.6,,
5.00E-05,0.263268709,0.100198463,0.00123277,0.161837459,23.16919708,0.009123591,2,24:01.5,,
5.00E-05,0.256244212,0.101309098,0.001216001,0.153719112,23.72025681,0.009126366,2,24:32.2,,
5.00E-05,0.258755296,0.096546993,0.001282274,0.160926029,24.11232185,0.009105901,2,25:03.1,,
5.00E-05,0.276396483,0.110215463,0.001247763,0.164933249,22.16968727,0.009083117,2,25:33.9,,
5.00E-05,0.264793545,0.104693905,0.001312593,0.158787057,23.35556221,0.009071102,2,26:04.7,,
5.00E-05,0.253345311,0.099275008,0.001278564,0.152791724,24.09391212,0.009053315,2,26:35.7,,
5.00E-05,0.270348161,0.105118655,0.001253297,0.163976207,23.06016541,0.009068464,2,27:08.5,,
5.00E-05,0.272889495,0.106014952,0.001299436,0.165575117,22.90060806,0.009055414,2,27:39.3,,
5.00E-05,0.245171279,0.09871006,0.001169152,0.145292059,23.42424393,0.009051723,2,28:10.0,,
5.00E-05,0.262750089,0.095547475,0.001244194,0.165958405,24.50429726,0.009061966,2,28:40.8,,
5.00E-05,0.256315261,0.106354862,0.001449654,0.148510739,22.32457161,0.009063018,2,29:11.7,,
5.00E-05,0.26867643,0.107445769,0.001408245,0.159822419,22.90281105,0.009070859,2,29:42.6,,
5.00E-05,0.262530357,0.093100652,0.001287572,0.16814214,24.68526649,0.009039818,2,30:13.6,,
5.00E-05,0.25579536,0.101404518,0.001215494,0.153175339,23.51237869,0.009025312,2,30:44.5,,
5.00E-05,0.253217518,0.095691212,0.001036211,0.156490102,23.94877625,0.009025238,2,31:15.5,,
5.00E-05,0.245159805,0.094526164,0.001262006,0.149371624,23.88063049,0.009036982,2,31:46.3,,
5.00E-05,0.260159731,0.092593186,0.001300492,0.166266069,23.70584679,0.009027727,2,32:17.2,,
5.00E-05,0.250439405,0.096961856,0.001191003,0.152286559,23.70658875,0.009016111,2,32:48.1,,
5.00E-05,0.257313609,0.10157571,0.001172941,0.154564962,22.6607399,0.009034509,2,33:19.0,,
5.00E-05,0.259276032,0.098268583,0.001228738,0.159778729,22.9470253,0.009045898,2,33:49.8,,
5.00E-05,0.255420983,0.098319955,0.001427359,0.155673683,23.96587753,0.009059651,2,34:20.7,,
5.00E-05,0.254458845,0.097324826,0.001236465,0.155897558,23.87703323,0.009050985,2,34:51.5,,
5.00E-05,0.267473727,0.103050083,0.001122142,0.163301513,22.2929287,0.009053894,2,35:22.4,,
5.00E-05,0.253774226,0.099193327,0.001300772,0.153280124,23.57200813,0.009067863,2,35:53.1,,
5.00E-05,0.253874213,0.096311964,0.001173335,0.156388924,23.6820755,0.009070648,2,36:24.0,,
5.00E-05,0.266427875,0.101861812,0.001229116,0.163336933,23.04029274,0.009043729,2,36:54.8,,
5.00E-05,0.244705275,0.097822756,0.001316399,0.145566121,23.27919006,0.009022674,2,37:25.7,,
5.00E-05,0.254568726,0.106059015,0.001170777,0.147338927,23.45154572,0.009022085,2,37:56.6,,
5.00E-05,0.267137766,0.099530861,0.001260098,0.166346818,22.93911171,0.009026082,2,38:27.6,,
5.00E-05,0.256207615,0.102395758,0.001206865,0.152604982,23.22815323,0.009024455,2,38:58.4,,
5.00E-05,0.259353042,0.10132274,0.001123248,0.156907037,22.99143982,0.009029904,2,39:29.4,,
5.00E-05,0.274211794,0.109401122,0.001175856,0.163634822,21.76276398,0.009038856,2,40:00.3,,
5.00E-05,0.275468528,0.10813348,0.001399134,0.165935919,21.92765999,0.009038318,2,40:31.5,,
5.00E-05,0.245989859,0.097909741,0.001184179,0.146895945,23.03273392,0.009042943,2,41:02.4,,
5.00E-05,0.25473249,0.101450413,0.001245607,0.152036458,23.24701309,0.009035246,2,41:33.3,,
5.00E-05,0.258496493,0.100442499,0.00129735,0.156756639,23.40120125,0.009006297,2,42:04.1,,
5.00E-05,0.262916833,0.104666777,0.00127069,0.156979367,22.86002731,0.009009956,2,42:35.0,,
5.00E-05,0.267711192,0.096624218,0.001102732,0.169984236,24.22537613,0.009012676,2,43:05.9,,
5.00E-05,0.254384488,0.09967041,0.001208123,0.153505966,23.56942368,0.009009415,2,43:36.9,,
5.00E-05,0.259970188,0.100477569,0.001255223,0.158237383,22.85747719,0.009015088,2,44:07.8,,
5.00E-05,0.26965484,0.10461957,0.001206619,0.163828656,22.92479515,0.009015883,2,44:38.8,,
5.00E-05,0.255445868,0.101609901,0.001148497,0.15268746,23.28149605,0.009007104,2,45:09.6,,
5.00E-05,0.256867439,0.098661199,0.001273311,0.156932935,23.4733963,0.008997794,2,45:40.6,,
5.00E-05,0.257525027,0.097222649,0.001293809,0.159008563,23.71575356,0.008980952,2,46:13.4,,
5.00E-05,0.252997369,0.096181452,0.001160596,0.155655324,24.06677437,0.00895921,2,46:44.2,,
5.00E-05,0.248549551,0.095869742,0.001214564,0.151465252,24.11960983,0.008950786,2,47:15.2,,
5.00E-05,0.272405028,0.100719698,0.001158964,0.170526385,23.26395798,0.008951178,2,47:46.0,,
5.00E-05,0.252057582,0.098358549,0.001150316,0.152548715,23.50512695,0.008941827,2,48:16.9,,
5.00E-05,0.258215159,0.095519163,0.00135626,0.16133973,23.88809967,0.008932319,2,48:47.8,,
5.00E-05,0.254741043,0.099619076,0.001118451,0.154003516,23.35120964,0.008942808,2,49:18.7,,
5.00E-05,0.268513978,0.111261956,0.001190509,0.1560615,22.17274857,0.008953428,2,49:49.8,,
5.00E-05,0.261901557,0.100410908,0.001196892,0.160293743,23.89457512,0.008973431,2,50:30.1,,
5.00E-05,0.247647554,0.098808467,0.001324134,0.147514954,23.71849823,0.008989426,2,51:01.0,,
5.00E-05,0.266410172,0.103039667,0.001356155,0.16201435,23.11577797,0.008978928,2,51:32.0,,
5.00E-05,0.259745568,0.10581433,0.00139463,0.152536616,22.69514275,0.008983098,2,52:03.1,,
5.00E-05,0.250164986,0.101984315,0.001317936,0.14686273,23.22971344,0.008955204,2,52:34.0,,
5.00E-05,0.270779282,0.105846323,0.001364936,0.16356802,22.39413452,0.008945141,2,53:04.9,,
5.00E-05,0.264278919,0.0994265,0.001308191,0.163544223,23.69745445,0.008957997,2,53:35.9,,
5.00E-05,0.261710256,0.102527119,0.001355842,0.157827303,23.39855385,0.008942504,2,54:06.9,,
5.00E-05,0.258083582,0.099359192,0.001252842,0.157471552,23.74164963,0.00892415,2,54:37.8,,
5.00E-05,0.263111472,0.102842145,0.001182411,0.159086928,23.17663574,0.008914274,2,55:08.8,,
5.00E-05,0.255220324,0.103178114,0.001240499,0.150801703,23.18346214,0.008901299,2,55:39.8,,
5.00E-05,0.261250287,0.10261149,0.001573163,0.157065645,23.75629425,0.008884917,2,56:10.7,,
5.00E-05,0.246461228,0.095501326,0.001251821,0.149708077,23.53779793,0.0088844,2,56:41.7,,
5.00E-05,0.249836922,0.099354357,0.001266493,0.149216071,23.24137497,0.008879161,2,57:12.6,,
5.00E-05,0.260010034,0.101687349,0.001347181,0.156975493,23.15497208,0.008917004,2,57:43.5,,
5.00E-05,0.256407946,0.101343833,0.001282353,0.153781772,22.85765457,0.008930958,2,58:14.5,,
5.00E-05,0.255255044,0.099531129,0.00133063,0.154393271,23.48227692,0.008943643,2,58:45.4,,
5.00E-05,0.249168843,0.098956712,0.001261084,0.148951039,23.34789658,0.008937935,2,59:16.4,,
5.00E-05,0.268259615,0.100632444,0.001397138,0.166230038,23.18251801,0.00895707,2,59:47.4,,
5.00E-05,0.262523323,0.096400268,0.001239942,0.164883122,24.16757393,0.008942585,2,00:18.4,,
5.00E-05,0.257125646,0.094933763,0.001260632,0.160931244,24.27153397,0.008947056,2,00:49.4,,
5.00E-05,0.24698931,0.090661354,0.001360861,0.154967085,24.34324455,0.008925899,2,01:20.9,,
5.00E-05,0.261342853,0.100453816,0.001308013,0.15958102,22.94746208,0.008948332,2,01:51.9,,
5.00E-05,0.254883349,0.100640915,0.001326416,0.152916014,23.08407784,0.008952805,2,02:22.8,,
5.00E-05,0.266642928,0.098325692,0.001404323,0.166912913,23.99149132,0.008927086,2,02:53.7,,
5.00E-05,0.252087355,0.093093261,0.001258093,0.157736018,24.45181656,0.008946015,2,03:24.8,,
5.00E-05,0.251105458,0.097866416,0.001232807,0.152006239,23.50436401,0.008927147,2,03:55.7,,
5.00E-05,0.261161685,0.100539848,0.001309648,0.159312189,23.0996418,0.008908802,2,04:26.7,,
5.00E-05,0.271357656,0.103080437,0.001324647,0.16695258,23.22019196,0.008910455,2,04:57.7,,
5.00E-05,0.250887781,0.099153146,0.001307899,0.150426731,23.20541191,0.008893241,2,05:30.5,,
5.00E-05,0.271055132,0.10476914,0.001151926,0.165134057,22.78097916,0.008877891,2,06:01.5,,
5.00E-05,0.255671591,0.099334091,0.001342561,0.15499495,23.73618126,0.008892495,2,06:32.7,,
5.00E-05,0.259367287,0.101484857,0.001285367,0.156597063,23.47883987,0.008884396,2,07:03.6,,
5.00E-05,0.252180159,0.096659899,0.001230103,0.154290169,24.07226181,0.008907638,2,07:34.7,,
5.00E-05,0.273479283,0.104791939,0.001205774,0.167481586,23.10653496,0.008880555,2,08:05.7,,
5.00E-05,0.271993101,0.105000727,0.001436033,0.165556356,23.01454353,0.008868405,2,08:36.7,,
5.00E-05,0.251065224,0.097327054,0.001213356,0.152524814,23.78148842,0.008834222,2,09:07.7,,
5.00E-05,0.262976944,0.092288472,0.001236445,0.169452026,24.25711823,0.008838082,2,09:38.7,,
5.00E-05,0.258357167,0.102011181,0.001261795,0.155084178,23.11013222,0.008820513,2,10:09.8,,
5.00E-05,0.256270796,0.099447563,0.001278194,0.155545041,23.44495773,0.008812227,2,10:40.8,,
5.00E-05,0.260466099,0.103255637,0.001244276,0.155966192,23.13898087,0.00883125,2,11:11.7,,
5.00E-05,0.276660264,0.104174934,0.00137179,0.171113536,22.68328667,0.008810181,2,11:42.7,,
5.00E-05,0.267208189,0.100781389,0.001271168,0.165155634,22.81292915,0.00880638,2,12:13.6,,
5.00E-05,0.25835073,0.097066656,0.001178204,0.160105854,24.1602478,0.00879601,2,12:44.6,,
5.00E-05,0.260716081,0.098559879,0.001340777,0.160815418,24.01023483,0.008806195,2,13:15.6,,
5.00E-05,0.255397916,0.10006588,0.001200759,0.154131278,23.43997765,0.00882175,2,13:46.6,,
5.00E-05,0.251071334,0.098389745,0.001378303,0.151303291,23.74304962,0.008828955,2,14:17.5,,
5.00E-05,0.264124453,0.10307733,0.001268062,0.159779057,23.12850952,0.008808644,2,14:48.5,,
5.00E-05,0.259452611,0.09396074,0.001173911,0.164317951,23.77316284,0.008808438,2,15:19.4,,
5.00E-05,0.257013381,0.102138162,0.001269009,0.153606221,22.56838608,0.008786556,2,15:50.4,,
5.00E-05,0.264721453,0.100440264,0.001239041,0.163042158,22.80494308,0.008780495,2,16:21.3,,
5.00E-05,0.264412731,0.103024393,0.001274272,0.160114065,22.20474434,0.008779579,2,16:52.3,,
5.00E-05,0.259741127,0.098363072,0.001288472,0.160089567,23.44822693,0.008742449,2,17:23.2,,
5.00E-05,0.256293714,0.097772673,0.001261377,0.157259658,23.17556,0.008746418,2,17:54.2,,
5.00E-05,0.26210928,0.101974696,0.001229229,0.158905357,23.31038284,0.008730614,2,18:25.2,,
5.00E-05,0.24588263,0.089942493,0.001227306,0.154712826,24.58369827,0.008732495,2,18:56.1,,
5.00E-05,0.255723834,0.100380346,0.001228767,0.154114708,23.45363617,0.008741507,2,19:27.0,,
5.00E-05,0.258439571,0.102259085,0.001308222,0.154872268,23.38556099,0.00876557,2,19:58.0,,
5.00E-05,0.264837503,0.100278422,0.001217315,0.163341776,23.24785233,0.008767116,2,20:29.0,,
5.00E-05,0.256379902,0.102196798,0.001462011,0.152721092,23.17760468,0.008786741,2,21:00.0,,
5.00E-05,0.2603935,0.098290779,0.001318226,0.160784498,23.23192406,0.008820231,2,21:31.1,,
5.00E-05,0.268934458,0.10184525,0.00121004,0.165879175,23.69319153,0.008801799,2,22:02.3,,
5.00E-05,0.249848187,0.096308485,0.001305453,0.152234241,23.2883091,0.008805251,2,22:33.3,,
5.00E-05,0.251438469,0.100301281,0.001172351,0.149964839,22.98870087,0.008787596,2,23:04.4,,
5.00E-05,0.258784145,0.093906879,0.00134532,0.163531944,24.02999115,0.008770169,2,23:35.4,,
5.00E-05,0.262247771,0.096825592,0.001303571,0.164118603,24.07362366,0.008789473,2,24:06.4,,
5.00E-05,0.262214959,0.102225095,0.001270803,0.158719048,22.35769653,0.008815001,2,24:39.2,,
5.00E-05,0.265176713,0.099017337,0.001240098,0.164919272,23.93306541,0.008795716,2,25:10.3,,
5.00E-05,0.251172245,0.096999198,0.001302211,0.152870819,23.77357674,0.008800414,2,25:41.2,,
5.00E-05,0.263265848,0.104464337,0.001340804,0.157460719,22.72484207,0.008794093,2,26:12.1,,
5.00E-05,0.258078873,0.094109535,0.001534151,0.162435174,24.38613892,0.008792269,2,26:43.1,,
5.00E-05,0.256961763,0.097464889,0.001194482,0.158302397,24.03309822,0.008747128,2,27:14.2,,
5.00E-05,0.266592801,0.099898048,0.00120739,0.165487364,22.64403534,0.008744604,2,27:45.2,,
5.00E-05,0.255761772,0.100769289,0.001286306,0.153706178,23.52267456,0.008729897,2,28:16.2,,
5.00E-05,0.253888398,0.095105648,0.001203559,0.157579198,23.9024353,0.008741974,2,28:47.1,,
5.00E-05,0.251900494,0.099616081,0.001157135,0.151127264,23.0111084,0.008725603,2,29:18.2,,
5.00E-05,0.273801029,0.105666421,0.001190385,0.166944221,22.31571198,0.008712011,2,29:49.2,,
5.00E-05,0.249977857,0.095332578,0.001222229,0.153423056,24.27700043,0.008720495,2,30:20.2,,
5.00E-05,0.261055946,0.096465781,0.001210164,0.163379982,24.072155,0.008741019,2,30:51.2,,
5.00E-05,0.250908852,0.092730477,0.001184478,0.156993911,24.58036613,0.008733957,2,31:22.2,,
5.00E-05,0.254289776,0.101140231,0.001205515,0.151944026,23.0482502,0.008712349,2,31:53.2,,
5.00E-05,0.245161712,0.095616721,0.001380262,0.148164734,24.04197884,0.008703765,2,32:24.2,,
5.00E-05,0.264567018,0.098012,0.001255071,0.165299937,23.77103996,0.008728974,2,32:55.2,,
5.00E-05,0.258111864,0.10377422,0.001302197,0.153035447,22.76479721,0.008705177,2,33:26.2,,
5.00E-05,0.2568793,0.103922196,0.001302537,0.151654556,22.86025238,0.008709075,2,33:57.2,,
5.00E-05,0.240089387,0.095881671,0.001290721,0.142916992,23.92128944,0.008717892,2,34:28.1,,
5.00E-05,0.258914173,0.09862306,0.001264063,0.15902704,23.68756866,0.008705684,2,34:59.0,,
5.00E-05,0.254467517,0.100504652,0.00118386,0.152778998,22.94952774,0.008710231,2,35:30.0,,
5.00E-05,0.249400258,0.089397117,0.001235742,0.158767402,24.94408607,0.00869989,2,36:01.1,,
5.00E-05,0.268624306,0.110967822,0.001288669,0.156367823,22.21494865,0.008711846,2,36:32.2,,
5.00E-05,0.262856811,0.097196333,0.001161662,0.164498821,24.12482452,0.00870289,2,37:03.1,,
5.00E-05,0.237910211,0.088209353,0.001193944,0.148506925,25.00199318,0.008690214,2,37:34.1,,
5.00E-05,0.238630325,0.089180931,0.001157269,0.148292124,24.00335503,0.008689243,2,38:05.0,,
5.00E-05,0.255875885,0.101141401,0.001105739,0.153628752,23.75925446,0.008694192,2,38:36.0,,
5.00E-05,0.266742975,0.097528405,0.001126251,0.168088317,23.21009064,0.008682932,2,39:07.0,,
5.00E-05,0.246878043,0.097509108,0.001175904,0.148193032,23.75837517,0.008671887,2,39:38.0,,
5.00E-05,0.26835227,0.104110353,0.00118645,0.163055465,22.59241104,0.008641165,2,40:09.0,,
5.00E-05,0.276412666,0.103375755,0.001355999,0.171680912,22.22256088,0.00865349,2,40:40.0,,
5.00E-05,0.250854999,0.092499062,0.001283154,0.157072783,24.28381729,0.008657064,2,41:10.9,,
5.00E-05,0.260272861,0.098593883,0.001320576,0.160358414,23.71378326,0.008650969,2,41:42.0,,
5.00E-05,0.265965402,0.097677037,0.001367435,0.166920945,23.43157768,0.008632866,2,42:21.9,,
5.00E-05,0.27326259,0.097604275,0.00136962,0.17428869,23.94266319,0.008676958,2,42:53.2,,
5.00E-05,0.255378783,0.098847389,0.001404568,0.15512681,23.62566757,0.008657443,2,43:26.2,,
5.00E-05,0.263775915,0.096975334,0.001393085,0.165407494,23.68997955,0.008630618,2,43:57.2,,
5.00E-05,0.251691729,0.099225491,0.001256413,0.151209816,22.99623299,0.008648325,2,44:28.2,,
5.00E-05,0.264081061,0.098691754,0.001292421,0.164096877,23.60263824,0.008655285,2,44:59.2,,
5.00E-05,0.270619035,0.101553887,0.001359552,0.167705581,22.47267151,0.008680183,2,45:30.2,,
5.00E-05,0.259058416,0.096780382,0.00141909,0.160858929,24.12572479,0.008665377,2,46:01.1,,
5.00E-05,0.257664502,0.100329548,0.001443657,0.155891284,22.86942673,0.00867212,2,46:32.0,,
5.00E-05,0.257829964,0.099821888,0.001375132,0.156632945,22.84210587,0.008658092,2,47:03.0,,
5.00E-05,0.260564744,0.097431019,0.001305696,0.161828026,23.77579117,0.008656688,2,47:33.9,,
5.00E-05,0.262219578,0.099483974,0.001343225,0.161392376,23.4377327,0.008679699,2,48:04.9,,
5.00E-05,0.268121243,0.09836226,0.001328728,0.168430239,23.90317154,0.008713358,2,48:35.9,,
5.00E-05,0.253568769,0.090620585,0.001272099,0.161676094,24.36834335,0.008708174,2,49:06.9,,
5.00E-05,0.248393893,0.103973813,0.00126232,0.14315775,23.11032486,0.008701745,2,49:37.7,,
5.00E-05,0.259790242,0.09182962,0.001244426,0.166716188,23.74354362,0.00870886,2,50:08.8,,
5.00E-05,0.270788193,0.102283031,0.001247075,0.167258069,23.4805603,0.008754492,2,50:39.6,,
5.00E-05,0.248340383,0.096526332,0.00137224,0.15044181,24.27621651,0.008762231,2,51:10.7,,
5.00E-05,0.247744128,0.090547077,0.00132463,0.155872419,24.80020714,0.008748379,2,51:41.7,,
5.00E-05,0.247217074,0.097142972,0.001236607,0.148837492,23.55744362,0.008731042,2,52:12.7,,
5.00E-05,0.262197495,0.101409078,0.001496792,0.15929164,23.3160553,0.008719302,2,52:43.8,,
5.00E-05,0.266575515,0.105718799,0.001426364,0.15943037,22.73134041,0.008715893,2,53:14.7,,
5.00E-05,0.261096835,0.100222886,0.001347749,0.159526184,23.09946251,0.008707318,2,53:45.7,,
5.00E-05,0.253609896,0.090583406,0.001379613,0.161646888,24.50746918,0.008726743,2,54:16.7,,
5.00E-05,0.24909547,0.098002933,0.001300951,0.149791583,24.19286537,0.008707365,2,54:47.6,,
5.00E-05,0.254965484,0.096894264,0.001305245,0.156765968,23.69888496,0.008704945,2,55:18.6,,
5.00E-05,0.24694255,0.098894231,0.001433829,0.146614492,23.42873573,0.008689219,2,55:49.6,,
5.00E-05,0.24441433,0.09256462,0.001450673,0.150399029,23.21870422,0.008671102,2,56:20.5,,
5.00E-05,0.258844286,0.102259062,0.001223526,0.155361697,22.07782745,0.00865793,2,56:51.6,,
5.00E-05,0.251753956,0.092722759,0.001490923,0.157540277,24.41690063,0.008646267,2,57:22.6,,
5.00E-05,0.261740774,0.098301277,0.001250466,0.162189022,23.61116219,0.008634945,2,57:53.5,,
5.00E-05,0.257030874,0.105880857,0.00130336,0.149846658,22.30920982,0.008626559,2,58:24.5,,
5.00E-05,0.25243637,0.103326678,0.00131224,0.14779745,23.61791229,0.008617029,2,58:55.3,,
5.00E-05,0.266981691,0.098908268,0.001318422,0.166755006,23.43240356,0.008607924,2,59:26.4,,
5.00E-05,0.266184241,0.096531786,0.001322041,0.168330416,23.77142334,0.008601994,2,59:57.4,,
5.00E-05,0.262405008,0.097418152,0.001289933,0.16369693,24.66825485,0.008602475,2,00:28.3,,
5.00E-05,0.267376184,0.103356898,0.00119666,0.162822619,22.89011383,0.00860485,2,00:59.3,,
5.00E-05,0.252607375,0.093127944,0.001199636,0.158279791,23.89730835,0.008581448,2,01:30.4,,
5.00E-05,0.271921754,0.101638481,0.001296954,0.16898632,23.10237694,0.008594614,2,02:01.3,,
5.00E-05,0.261867434,0.1063089,0.001281126,0.154277414,22.60622025,0.008599103,2,02:32.3,,
5.00E-05,0.251233667,0.096712403,0.001275778,0.153245494,23.48182487,0.008605125,2,03:05.3,,
,,,,,,,2,03:27.7,0.874799013,15.22014618
5.00E-05,0.273090124,0.105139717,0.001311623,0.166638777,22.96540451,0.00861725,2,03:58.5,,
5.00E-05,0.279974043,0.109867953,0.001222977,0.1688831,22.3299408,0.008616803,2,04:29.5,,
5.00E-05,0.245793447,0.092040204,0.001354778,0.152398467,24.59076881,0.008645056,2,05:00.5,,
5.00E-05,0.252905011,0.096567512,0.001476706,0.15486078,23.09940147,0.008633813,2,05:31.4,,
5.00E-05,0.27272445,0.103027448,0.001406743,0.168290272,22.57165146,0.008638524,2,06:02.3,,
5.00E-05,0.257401615,0.101388834,0.001261026,0.154751763,22.52054024,0.008640287,2,06:33.3,,
5.00E-05,0.264306068,0.102131009,0.001444462,0.160730615,23.67513847,0.008631948,2,07:04.3,,
5.00E-05,0.259054005,0.095066525,0.0012102,0.16277729,24.06417084,0.008676351,2,07:35.3,,
5.00E-05,0.263980627,0.093502238,0.001225931,0.16925244,24.06076622,0.0086657,2,08:06.2,,
5.00E-05,0.268381357,0.107562087,0.001412786,0.159406483,22.12924767,0.008665874,2,08:37.1,,
5.00E-05,0.254725426,0.106415011,0.001339929,0.146970496,22.16392899,0.008667514,2,09:08.2,,
5.00E-05,0.253332227,0.096059106,0.0012486,0.156024516,23.52406693,0.008693703,2,09:39.2,,
5.00E-05,0.265155137,0.099331573,0.001309172,0.164514378,23.05461121,0.00868699,2,10:10.2,,
5.00E-05,0.265511096,0.100370482,0.001246415,0.163894206,23.24367714,0.00868554,2,10:41.2,,
5.00E-05,0.264408976,0.102453642,0.00129538,0.160659954,22.7746048,0.00871286,2,11:12.1,,
5.00E-05,0.257212579,0.092848167,0.00121453,0.163149878,24.3515625,0.008690748,2,11:43.0,,
5.00E-05,0.254970431,0.097191922,0.00123105,0.156547472,23.69254303,0.008698455,2,12:14.0,,
5.00E-05,0.247442126,0.093525209,0.001237974,0.152678952,24.31003952,0.008680961,2,12:44.9,,
5.00E-05,0.257472754,0.096249215,0.001436671,0.159786865,23.37552261,0.008682302,2,13:15.9,,
5.00E-05,0.251004189,0.093783006,0.001296659,0.155924514,24.21658516,0.008682857,2,13:46.8,,
5.00E-05,0.24304983,0.096913725,0.001241777,0.144894332,24.23525238,0.008675383,2,14:17.8,,
5.00E-05,0.24987644,0.095185429,0.001363451,0.153327554,23.64879227,0.008676798,2,14:48.7,,
5.00E-05,0.251267016,0.099027902,0.001388842,0.150850281,23.30047989,0.008663659,2,15:19.6,,
5.00E-05,0.243678927,0.095881075,0.001218742,0.146579102,24.16179466,0.008649885,2,15:50.5,,
5.00E-05,0.254037052,0.094401926,0.001364221,0.15827091,23.97570419,0.008671706,2,16:21.5,,
5.00E-05,0.259750575,0.103802249,0.001356651,0.154591665,23.31690598,0.008662606,2,16:52.4,,
5.00E-05,0.251477182,0.104012199,0.001449662,0.146015331,22.70310402,0.008668163,2,17:23.3,,
5.00E-05,0.258635372,0.100143678,0.001268717,0.157222971,23.07962418,0.008666832,2,17:54.3,,
5.00E-05,0.250098497,0.087402701,0.001243337,0.161452457,24.94173431,0.008642777,2,18:25.3,,
5.00E-05,0.255197704,0.101157285,0.001381714,0.152658701,23.20664597,0.008604776,2,18:56.3,,
5.00E-05,0.247037023,0.097230487,0.001343743,0.148462802,23.93331528,0.008607883,2,19:27.3,,
5.00E-05,0.249067321,0.091611952,0.001459807,0.155995563,23.8149929,0.008593016,2,19:58.4,,
5.00E-05,0.241107821,0.099227205,0.001329293,0.140551329,23.05729103,0.008605137,2,20:29.3,,
5.00E-05,0.259579718,0.094485246,0.001256344,0.163838133,23.66099358,0.008590833,2,21:00.3,,
5.00E-05,0.261163175,0.099207245,0.001255072,0.160700843,23.22851372,0.008586447,2,21:31.2,,
5.00E-05,0.255762339,0.094198398,0.001280196,0.160283729,24.48913193,0.008557037,2,22:04.0,,
5.00E-05,0.262816787,0.099910066,0.001278401,0.161628306,23.71022797,0.00856083,2,22:35.0,,
5.00E-05,0.253511846,0.093870297,0.001297543,0.158344001,23.77257156,0.008551328,2,23:06.0,,
5.00E-05,0.257154644,0.096032359,0.001210302,0.159911975,23.72041321,0.008546229,2,23:37.0,,
5.00E-05,0.253005087,0.089939117,0.001220988,0.161844984,24.08392906,0.008557311,2,24:07.9,,
5.00E-05,0.252814054,0.097403042,0.001376082,0.154034927,24.05607986,0.008555137,2,24:39.2,,
5.00E-05,0.24717775,0.098736763,0.001195894,0.147245094,23.98661423,0.008537235,2,25:10.0,,
5.00E-05,0.260980248,0.101144277,0.001406723,0.15842925,23.28053665,0.008534377,2,25:41.0,,
5.00E-05,0.253874213,0.091571093,0.001311766,0.160991356,24.25498009,0.008485505,2,26:11.9,,
5.00E-05,0.260770649,0.094144404,0.001119959,0.165506288,24.43831444,0.008493601,2,26:42.9,,
5.00E-05,0.258507162,0.097765774,0.00127479,0.159466594,23.39052391,0.008504305,2,27:13.7,,
5.00E-05,0.239661217,0.090870522,0.001238164,0.147552535,24.18132401,0.008522162,2,27:44.7,,
5.00E-05,0.252753139,0.096267499,0.00125314,0.155232489,23.76065254,0.008517965,2,28:15.7,,
5.00E-05,0.257270187,0.09414044,0.001235596,0.161894158,23.55107498,0.008527772,2,28:46.7,,
5.00E-05,0.268619031,0.10218066,0.001410123,0.165028244,23.58629227,0.008532563,2,29:17.6,,
5.00E-05,0.248630643,0.098758578,0.001240435,0.148631632,22.82348442,0.008532709,2,29:48.5,,
5.00E-05,0.257551193,0.092345215,0.001238549,0.163967416,24.09443665,0.00851211,2,30:19.4,,
5.00E-05,0.253059626,0.094305553,0.001396054,0.157358006,24.01325417,0.008528832,2,30:50.4,,
5.00E-05,0.25610736,0.095051527,0.001218775,0.159837067,23.67304802,0.008515122,2,31:21.4,,
5.00E-05,0.237450421,0.098794684,0.001331579,0.137324154,23.75391197,0.008505343,2,31:52.5,,
5.00E-05,0.246909231,0.094034448,0.001189788,0.151684985,23.93505859,0.00850362,2,32:23.4,,
5.00E-05,0.266986668,0.106483638,0.001102162,0.159400851,21.83911133,0.008508558,2,32:54.5,,
5.00E-05,0.266656846,0.100298949,0.001361826,0.164996073,23.10297775,0.008522808,2,33:25.5,,
5.00E-05,0.237523496,0.09546002,0.001368933,0.140694544,23.55651093,0.008520066,2,33:56.5,,
5.00E-05,0.246968493,0.096546113,0.001390709,0.149031669,23.59218407,0.008503566,2,34:36.9,,
5.00E-05,0.262839466,0.109003,0.001292972,0.1525435,22.28820419,0.008495376,2,35:07.9,,
5.00E-05,0.268223554,0.099763721,0.001320084,0.167139739,23.29680634,0.008480024,2,35:38.9,,
5.00E-05,0.252905905,0.095643803,0.001371555,0.155890554,23.69278336,0.008482216,2,36:09.9,,
5.00E-05,0.258571446,0.094171114,0.001315071,0.163085267,24.47021675,0.00847721,2,36:40.9,,
5.00E-05,0.256457925,0.097023994,0.001382068,0.158051863,24.24902725,0.00849114,2,37:11.8,,
5.00E-05,0.250225306,0.096123002,0.001330639,0.152771667,23.58410645,0.008471622,2,37:42.7,,
5.00E-05,0.258580834,0.090610392,0.001232836,0.166737616,24.20549583,0.008478576,2,38:13.8,,
5.00E-05,0.243027449,0.097482368,0.001263525,0.144281551,24.05273628,0.008468496,2,38:44.8,,
5.00E-05,0.267122746,0.094425932,0.001275828,0.171420977,24.34552956,0.008460714,2,39:15.9,,
5.00E-05,0.2538369,0.095628142,0.001231408,0.156977341,23.28580475,0.008458754,2,39:46.9,,
5.00E-05,0.252756715,0.092134334,0.001334621,0.159287766,23.47629929,0.008427214,2,40:18.0,,
5.00E-05,0.266871214,0.104362413,0.001244987,0.161263824,22.51845932,0.00848104,2,40:50.9,,
5.00E-05,0.251621783,0.087558538,0.001192766,0.162870497,24.59054947,0.008461953,2,41:22.0,,
5.00E-05,0.274266988,0.107010327,0.001232716,0.16602394,22.57822227,0.008458992,2,41:52.9,,
5.00E-05,0.244811922,0.091987945,0.001268045,0.151555941,24.11232758,0.008469021,2,42:23.8,,
5.00E-05,0.25278762,0.093753085,0.001276094,0.157758445,23.25282669,0.008486598,2,42:54.7,,
5.00E-05,0.273245066,0.11095529,0.00125338,0.161036387,21.92220879,0.00847928,2,43:25.6,,
5.00E-05,0.240181684,0.098784037,0.001338066,0.140059575,23.02157974,0.008475489,2,43:56.6,,
5.00E-05,0.256179243,0.097870111,0.001252839,0.157056287,23.38442039,0.008485015,2,44:27.6,,
5.00E-05,0.240417212,0.090828508,0.001228875,0.14835982,24.53697968,0.008494817,2,44:58.6,,
5.00E-05,0.253540754,0.096892476,0.001105474,0.155542791,23.7620945,0.008476972,2,45:29.9,,
5.00E-05,0.247812599,0.093380883,0.001270642,0.153161079,23.95088196,0.008465569,2,46:00.9,,
5.00E-05,0.271396101,0.103124633,0.001197979,0.167073488,22.29364204,0.008472745,2,46:31.9,,
5.00E-05,0.25963378,0.101305686,0.001172553,0.157155558,22.54755402,0.008475921,2,47:02.9,,
5.00E-05,0.263900399,0.103520423,0.00133764,0.159042343,22.76644135,0.008474167,2,47:33.9,,
5.00E-05,0.254445493,0.097479098,0.001129644,0.155836761,22.71191025,0.008436032,2,48:04.9,,
5.00E-05,0.250857294,0.092974529,0.001412017,0.156470761,24.1913414,0.008435142,2,48:36.0,,
5.00E-05,0.267517149,0.097142026,0.001312654,0.16906248,23.39877319,0.00842255,2,49:07.0,,
5.00E-05,0.258397311,0.097256504,0.001237745,0.159903064,23.61589622,0.008408975,2,49:38.1,,
5.00E-05,0.265265584,0.098211899,0.001272119,0.165781558,23.25445557,0.008405964,2,50:09.1,,
5.00E-05,0.254102349,0.091565691,0.001196821,0.161339849,24.03341293,0.008423607,2,50:40.1,,
5.00E-05,0.255231202,0.09600623,0.001290794,0.157934189,23.54454422,0.0084319,2,51:11.1,,
5.00E-05,0.230400488,0.091324084,0.001266605,0.137809798,24.02458954,0.008436153,2,51:42.1,,
5.00E-05,0.258867443,0.097285822,0.001103666,0.160477951,23.72081757,0.008419876,2,52:13.1,,
5.00E-05,0.250022829,0.092856452,0.001412181,0.155754209,24.48609161,0.008433972,2,52:44.2,,
5.00E-05,0.255937457,0.098314263,0.001191562,0.156431645,23.17329597,0.008429116,2,53:15.3,,
5.00E-05,0.257362485,0.095468648,0.001243123,0.1606507,24.05490112,0.008425997,2,53:46.3,,
5.00E-05,0.265652478,0.102450952,0.001208993,0.16199252,22.49209213,0.008428465,2,54:17.3,,
5.00E-05,0.266233563,0.099026732,0.001298962,0.16590786,23.65839386,0.008427387,2,54:48.4,,
5.00E-05,0.260770708,0.096597403,0.001259053,0.162914246,23.06303215,0.00839496,2,55:19.3,,
5.00E-05,0.260686934,0.099449627,0.001128171,0.160109147,23.10233688,0.00839985,2,55:50.4,,
5.00E-05,0.248165846,0.095935479,0.001301652,0.150928721,23.85549355,0.008373556,2,56:21.3,,
5.00E-05,0.251024455,0.092691198,0.001239926,0.157093331,23.70013046,0.008375305,2,56:52.4,,
5.00E-05,0.25375706,0.093282461,0.001347985,0.159126624,24.58148575,0.008374318,2,57:23.5,,
5.00E-05,0.244121745,0.088765413,0.001244817,0.154111519,24.78984642,0.008352058,2,57:54.6,,
5.00E-05,0.259149492,0.10153506,0.001339283,0.156275153,23.60567474,0.008354814,2,58:25.5,,
5.00E-05,0.24994567,0.0979684,0.001347342,0.150629923,23.48868179,0.008399569,2,58:56.5,,
5.00E-05,0.254965752,0.096860148,0.001201321,0.15690428,23.29572296,0.008358806,2,59:27.4,,
5.00E-05,0.248804972,0.096899807,0.001164424,0.150740743,23.46734047,0.008345199,2,00:00.5,,
5.00E-05,0.262289286,0.099918135,0.001215195,0.161155969,22.83563423,0.008344224,2,00:31.5,,
5.00E-05,0.258246541,0.096406549,0.001312328,0.160527647,23.78563881,0.008356779,2,01:02.6,,
5.00E-05,0.258839905,0.104857735,0.001285592,0.152696565,22.23809242,0.008359955,2,01:33.5,,
5.00E-05,0.255568504,0.093873248,0.001165246,0.160530016,24.31116295,0.008346973,2,02:04.5,,
5.00E-05,0.25100258,0.09483891,0.001289949,0.154873714,23.67916489,0.008358516,2,02:35.5,,
5.00E-05,0.246017307,0.098869063,0.001203537,0.145944715,23.02338791,0.008339041,2,03:06.5,,
5.00E-05,0.267537236,0.098730311,0.00121794,0.167588994,23.51436996,0.008338536,2,03:37.5,,
5.00E-05,0.26164934,0.094848774,0.001265796,0.165534765,24.13408089,0.008345596,2,04:08.6,,
5.00E-05,0.258042872,0.102176815,0.001301029,0.154565021,22.88146019,0.008391146,2,04:39.6,,
5.00E-05,0.252157152,0.096319355,0.001123972,0.154713839,23.69202614,0.008357503,2,05:10.7,,
5.00E-05,0.255589008,0.09591341,0.001310074,0.158365518,23.99139595,0.008360233,2,05:41.7,,
5.00E-05,0.249452114,0.097734034,0.00122608,0.150491998,23.60913849,0.008351767,2,06:12.9,,
5.00E-05,0.269691616,0.106864959,0.001375108,0.161451548,22.52127647,0.008363428,2,06:43.8,,
5.00E-05,0.256552577,0.097277559,0.001266714,0.158008322,23.87041092,0.008344614,2,07:14.9,,
5.00E-05,0.2654984,0.101963989,0.001235655,0.162298739,23.21966362,0.008352065,2,07:45.8,,
5.00E-05,0.259510607,0.101177618,0.001277562,0.157055423,23.30977631,0.008334584,2,08:16.8,,
5.00E-05,0.270362914,0.098557711,0.00132842,0.170476779,23.67059708,0.008329594,2,08:47.8,,
5.00E-05,0.245400131,0.087403722,0.001228815,0.156767592,24.95919228,0.008325111,2,09:18.8,,
5.00E-05,0.27774772,0.105129793,0.001393612,0.171224311,22.59869385,0.008325357,2,09:49.8,,
5.00E-05,0.251939684,0.092340574,0.001357615,0.158241495,23.73770142,0.008314586,2,10:20.9,,
5.00E-05,0.235848308,0.096300162,0.001288617,0.13825953,23.55845261,0.008321408,2,10:51.9,,
5.00E-05,0.25117451,0.094364516,0.001287468,0.155522525,24.00501633,0.008302043,2,11:23.0,,
5.00E-05,0.253037065,0.101561494,0.001224367,0.15025121,23.24542618,0.008304997,2,11:54.0,,
5.00E-05,0.243040353,0.089146785,0.001185214,0.152708352,24.74482536,0.008292081,2,12:25.1,,
5.00E-05,0.25852406,0.093587384,0.001149249,0.163787425,24.48957634,0.008284679,2,12:56.1,,
5.00E-05,0.265094072,0.097359508,0.001201576,0.166532978,23.90330887,0.008262539,2,13:27.2,,
5.00E-05,0.252987266,0.095313966,0.001346358,0.156326935,23.87745094,0.008250893,2,13:58.1,,
5.00E-05,0.254991919,0.097440206,0.001280867,0.156270847,23.78350067,0.008235496,2,14:29.1,,
5.00E-05,0.254100174,0.105909221,0.00119282,0.146998137,22.77675629,0.008241432,2,15:00.1,,
5.00E-05,0.270780951,0.097126052,0.001318697,0.172336206,23.89581871,0.008230994,2,15:31.2,,
5.00E-05,0.264634013,0.099889688,0.001263325,0.163480982,22.99879456,0.008216849,2,16:02.2,,
5.00E-05,0.26089865,0.097058557,0.001272685,0.162567422,23.41173553,0.008223411,2,16:33.2,,
5.00E-05,0.259640068,0.102355406,0.001310239,0.155974418,22.04794693,0.008216861,2,17:04.2,,
5.00E-05,0.252657324,0.099646807,0.001288385,0.151722133,23.87418938,0.008203357,2,17:35.3,,
5.00E-05,0.252849072,0.097711653,0.001173059,0.15396437,23.32971764,0.008211342,2,18:06.4,,
5.00E-05,0.256670296,0.096034676,0.001298594,0.159337029,23.52890968,0.008209087,2,18:37.5,,
5.00E-05,0.255242586,0.099079415,0.001284589,0.154878572,23.23394012,0.00819698,2,19:10.5,,
5.00E-05,0.257104158,0.090498626,0.001257764,0.165347755,25.01882172,0.008207936,2,19:41.5,,
5.00E-05,0.239941835,0.092160955,0.001405315,0.146375567,24.15760803,0.008225446,2,20:12.5,,
5.00E-05,0.254894614,0.101846643,0.001316494,0.151731491,22.88015175,0.008221101,2,20:43.7,,
5.00E-05,0.242263913,0.09626364,0.001265377,0.144734904,23.55366516,0.008221838,2,21:14.5,,
5.00E-05,0.253965259,0.100177556,0.001178862,0.152608857,22.61985588,0.008220184,2,21:45.6,,
5.00E-05,0.245116383,0.086368248,0.001220818,0.157527328,24.8728447,0.008219399,2,22:16.6,,
5.00E-05,0.259430826,0.099492334,0.001242711,0.158695772,23.25735474,0.008249098,2,22:47.7,,
5.00E-05,0.253372371,0.104845971,0.001381517,0.147144869,22.50567245,0.008283489,2,23:18.7,,
5.00E-05,0.254665077,0.094714567,0.001140154,0.158810362,23.5178299,0.008282941,2,23:49.8,,
5.00E-05,0.24962917,0.1015971,0.001170449,0.146861613,22.84378052,0.00830272,2,24:20.7,,
5.00E-05,0.264263481,0.10306935,0.00130173,0.15989241,23.14598274,0.008288658,2,24:51.8,,
5.00E-05,0.242302284,0.093686484,0.001301508,0.147314295,23.21103859,0.008296911,2,25:22.7,,
5.00E-05,0.24553901,0.098562606,0.001306422,0.145669982,23.1038456,0.00827904,2,25:53.7,,
5.00E-05,0.259377867,0.096450351,0.001278193,0.161649331,23.46388245,0.008283087,2,26:33.7,,
5.00E-05,0.251841068,0.098551095,0.001263487,0.152026489,22.86300659,0.008282273,2,27:05.0,,
5.00E-05,0.258258939,0.098504022,0.001207094,0.158547834,23.23661804,0.008303156,2,27:35.9,,
5.00E-05,0.26147458,0.09748438,0.001357619,0.162632585,23.92677116,0.008313837,2,28:06.9,,
5.00E-05,0.253324986,0.095844753,0.001227313,0.156252936,23.53595352,0.008325715,2,28:38.0,,
5.00E-05,0.249929592,0.092939124,0.001266134,0.155724332,24.44608688,0.008328522,2,29:09.0,,
5.00E-05,0.249371484,0.093095206,0.001370226,0.154906049,23.70866966,0.008326072,2,29:40.0,,
5.00E-05,0.248817608,0.090998605,0.001233086,0.156585917,24.28085518,0.008363443,2,30:11.0,,
5.00E-05,0.246789873,0.090653278,0.001255921,0.154880673,24.22566223,0.00834054,2,30:42.0,,
5.00E-05,0.253499359,0.095183857,0.001248972,0.157066539,24.11131287,0.008324492,2,31:12.9,,
5.00E-05,0.245371252,0.094530649,0.001211417,0.149629176,23.84561157,0.008307797,2,31:44.0,,
5.00E-05,0.253156185,0.09980388,0.001440552,0.15191175,23.21100426,0.008313199,2,32:15.0,,
5.00E-05,0.264222652,0.105478518,0.001257716,0.157486424,22.50877762,0.008326223,2,32:46.0,,
5.00E-05,0.272698581,0.101224877,0.001207372,0.17026633,23.37203789,0.008318647,2,33:17.0,,
5.00E-05,0.267131954,0.105480999,0.001239721,0.160411239,22.08118057,0.008327041,2,33:47.9,,
5.00E-05,0.251369983,0.095492929,0.001236206,0.154640853,23.69399834,0.008340866,2,34:19.0,,
5.00E-05,0.254895002,0.103097439,0.001239042,0.150558516,22.84924316,0.008367979,2,34:49.9,,
5.00E-05,0.255878866,0.088395752,0.001299909,0.166183218,25.05448914,0.008374134,2,35:20.9,,
5.00E-05,0.26548934,0.10534817,0.001229066,0.158912092,23.04864502,0.008376039,2,35:51.9,,
5.00E-05,0.254243523,0.095494971,0.001194426,0.157554135,23.58147812,0.008384027,2,36:22.9,,
5.00E-05,0.254114181,0.093071736,0.001216517,0.159825921,23.76490593,0.008398633,2,36:53.9,,
5.00E-05,0.266687244,0.101922646,0.00127254,0.163492054,22.80696869,0.008383408,2,37:24.9,,
5.00E-05,0.233607799,0.093666613,0.001156245,0.13878493,24.21338081,0.008362917,2,37:55.9,,
5.00E-05,0.260227799,0.095217168,0.001189562,0.163821086,23.81857681,0.008364066,2,38:28.7,,
5.00E-05,0.26160115,0.094774954,0.001339552,0.165486649,22.5003643,0.008332065,2,38:59.6,,
5.00E-05,0.269712359,0.097382799,0.001224251,0.17110531,23.1065464,0.008328522,2,39:30.5,,
5.00E-05,0.253492713,0.097622365,0.001215792,0.154654548,23.5178566,0.008343543,2,40:01.4,,
5.00E-05,0.260120004,0.099329017,0.001211566,0.159579411,23.85585022,0.008333866,2,40:32.3,,
5.00E-05,0.260522664,0.095283113,0.001165675,0.164073884,23.46862602,0.008334763,2,41:03.1,,
5.00E-05,0.247057974,0.088481069,0.001357572,0.157219335,25.05088806,0.008309897,2,41:34.1,,
5.00E-05,0.25171411,0.092363477,0.001172411,0.158178225,23.94220161,0.008304601,2,42:05.0,,
5.00E-05,0.253698856,0.099031501,0.001115337,0.153552026,22.94150162,0.00831925,2,42:35.9,,
5.00E-05,0.255247474,0.09384203,0.001251186,0.160154253,23.80220604,0.008315589,2,43:06.7,,
5.00E-05,0.259826303,0.095076256,0.001123642,0.163626418,23.44634056,0.008324699,2,43:37.7,,
5.00E-05,0.254655957,0.092159301,0.001221072,0.161275566,23.79206467,0.008343791,2,44:08.6,,
5.00E-05,0.258629024,0.098150879,0.001231855,0.159246296,23.25029373,0.0083533,2,44:39.5,,
5.00E-05,0.266560107,0.104586646,0.001293117,0.160680354,22.4063797,0.0083359,2,45:10.3,,
5.00E-05,0.255343318,0.095434897,0.001192677,0.15871574,24.01984978,0.008330436,2,45:41.2,,
5.00E-05,0.25208354,0.097587101,0.001238918,0.153257519,23.01603508,0.008309259,2,46:12.0,,
5.00E-05,0.262030959,0.099874787,0.001271389,0.160884768,23.08532333,0.008309977,2,46:42.9,,
5.00E-05,0.25415349,0.091793634,0.00112303,0.161236808,24.03162384,0.008309315,2,47:13.8,,
,,,,,,,2,47:35.8,0.861740351,15.46761894
5.00E-05,0.256900609,0.101801291,0.001370103,0.15372923,23.0218277,0.008310872,2,48:06.3,,
5.00E-05,0.253901124,0.091636136,0.001223023,0.16104196,24.16885757,0.008300199,2,48:37.3,,
5.00E-05,0.269152105,0.097443581,0.001141844,0.170566678,22.59721375,0.00828345,2,49:08.1,,
5.00E-05,0.249786347,0.099176519,0.001235157,0.149374679,23.85267258,0.008298738,2,49:38.8,,
5.00E-05,0.251546383,0.090652041,0.001150802,0.159743547,24.51261139,0.00832577,2,50:09.6,,
5.00E-05,0.236311078,0.090007216,0.001198464,0.145105407,24.48062134,0.00832616,2,50:40.4,,
5.00E-05,0.259032071,0.094193548,0.001231222,0.163607314,23.66014481,0.008340047,2,51:11.2,,
5.00E-05,0.247613743,0.099860772,0.001035212,0.146717757,23.09608269,0.008348972,2,51:42.0,,
5.00E-05,0.257210135,0.10076911,0.00119543,0.155245602,22.9323597,0.008333432,2,52:12.9,,
5.00E-05,0.242718607,0.091236383,0.001155158,0.150327072,24.33842659,0.008362395,2,52:43.6,,
5.00E-05,0.253720939,0.097631872,0.001277781,0.154811278,22.79465866,0.008346492,2,53:14.5,,
5.00E-05,0.248415828,0.094954662,0.001249152,0.152212009,24.01244354,0.008333424,2,53:45.4,,
5.00E-05,0.252924621,0.096313171,0.001108435,0.155503005,23.11528015,0.008333261,2,54:16.2,,
5.00E-05,0.254508257,0.093300007,0.001222517,0.159985751,24.18997765,0.008359568,2,54:47.1,,
5.00E-05,0.245503664,0.094704337,0.00114745,0.149651885,23.92057037,0.008340882,2,55:17.9,,
5.00E-05,0.252832502,0.093030155,0.001192295,0.158610061,24.43317032,0.008329221,2,55:48.7,,
5.00E-05,0.252767205,0.093850993,0.001195451,0.157720774,23.82052422,0.008342175,2,56:19.8,,
5.00E-05,0.258639693,0.096571274,0.00114534,0.160923079,22.61842346,0.008357926,2,56:50.6,,
5.00E-05,0.256003559,0.096267879,0.001131318,0.158604354,23.29729271,0.008338755,2,57:23.6,,
5.00E-05,0.264184684,0.09489961,0.001235671,0.168049395,23.4812336,0.008308522,2,57:54.4,,
5.00E-05,0.255052835,0.096112318,0.001101827,0.157838687,23.96525574,0.008292887,2,58:25.3,,
5.00E-05,0.25845024,0.094383381,0.001233966,0.162832901,24.34227943,0.008286749,2,58:56.1,,
5.00E-05,0.262695968,0.096450873,0.001064372,0.165180713,22.85112762,0.008297274,2,59:27.1,,
5.00E-05,0.253285706,0.090582713,0.001187583,0.1615154,24.61292458,0.008275057,2,59:57.9,,
5.00E-05,0.257875293,0.096563727,0.00122684,0.160084724,23.64805412,0.008276848,2,00:28.8,,
5.00E-05,0.263986588,0.093946882,0.00131369,0.168726012,23.83358192,0.008268245,2,00:59.7,,
5.00E-05,0.253161907,0.093999751,0.001279201,0.157882974,23.91070938,0.00828526,2,01:30.7,,
5.00E-05,0.253219545,0.099085756,0.001164431,0.15296936,22.87384796,0.008264584,2,02:01.6,,
5.00E-05,0.24501048,0.098483242,0.001173815,0.145353422,23.83428192,0.008268829,2,02:32.5,,
5.00E-05,0.253171653,0.092009805,0.001170796,0.159991041,23.48288536,0.008223104,2,03:03.5,,
5.00E-05,0.26158306,0.096957646,0.00120248,0.163422942,23.00854874,0.008240847,2,03:34.4,,
5.00E-05,0.251796454,0.090300217,0.00130424,0.160191998,24.59638596,0.008250782,2,04:05.4,,
5.00E-05,0.252788424,0.09618289,0.001144721,0.15546082,24.08512115,0.008235304,2,04:36.3,,
5.00E-05,0.251036704,0.09929125,0.001147397,0.150598049,22.73935127,0.008222368,2,05:07.1,,
5.00E-05,0.250044465,0.094792165,0.001241857,0.154010445,23.75705528,0.008225366,2,05:38.1,,
5.00E-05,0.259556651,0.097388484,0.001248765,0.160919413,23.82327843,0.008230719,2,06:08.9,,
5.00E-05,0.248159409,0.096247457,0.001265462,0.150646493,23.45834923,0.008229875,2,06:39.8,,
5.00E-05,0.252344012,0.094743192,0.00119347,0.156407341,23.87684631,0.008219463,2,07:10.6,,
5.00E-05,0.255474538,0.0967694,0.001214021,0.157491118,23.59011841,0.008208922,2,07:41.6,,
5.00E-05,0.25954026,0.092170469,0.001153387,0.166216418,24.34001923,0.008200272,2,08:12.3,,
5.00E-05,0.245494723,0.088422015,0.001070259,0.156002447,24.61717606,0.008180077,2,08:43.5,,
5.00E-05,0.258234918,0.09360075,0.001374724,0.163259432,23.53726578,0.008180709,2,09:14.3,,
5.00E-05,0.241966903,0.094634496,0.001188086,0.146144316,23.27609062,0.0081801,2,09:45.2,,
5.00E-05,0.252525926,0.08835239,0.001173114,0.16300042,24.06004143,0.008162722,2,10:16.1,,
5.00E-05,0.244769841,0.096828237,0.001141466,0.146800131,23.2376442,0.008155428,2,10:46.9,,
5.00E-05,0.247417241,0.097071394,0.001271432,0.14907442,23.36548996,0.008137517,2,11:17.8,,
5.00E-05,0.256868124,0.098658226,0.001202385,0.157007501,23.39542198,0.008115432,2,11:48.7,,
5.00E-05,0.255703807,0.094970189,0.001261985,0.159471631,23.95446968,0.008133106,2,12:19.6,,
5.00E-05,0.243342385,0.090097979,0.001223844,0.152020559,24.56267929,0.00813214,2,12:50.5,,
5.00E-05,0.258121789,0.09833841,0.001183484,0.158599898,23.02384949,0.008145498,2,13:21.2,,
5.00E-05,0.255279362,0.093527853,0.001104335,0.160647184,24.08804703,0.008152299,2,13:52.1,,
5.00E-05,0.246294141,0.097727783,0.001183726,0.147382632,23.67790222,0.00815465,2,14:22.9,,
5.00E-05,0.241528615,0.090872422,0.001116681,0.149539515,24.62247467,0.008150553,2,14:53.8,,
5.00E-05,0.24045299,0.086910516,0.001090051,0.152452424,24.80488777,0.008134998,2,15:24.7,,
5.00E-05,0.24541539,0.092757203,0.001153283,0.151504904,23.66865158,0.008141716,2,15:55.5,,
5.00E-05,0.239028335,0.088405862,0.001157712,0.149464771,24.89716339,0.008134836,2,16:28.2,,
5.00E-05,0.249326065,0.102761485,0.001205646,0.145358935,22.75879097,0.008119517,2,16:59.1,,
5.00E-05,0.253304332,0.099315763,0.001266245,0.152722329,23.11809349,0.008108377,2,17:30.0,,
5.00E-05,0.245553702,0.092562005,0.00124039,0.15175131,23.66604996,0.008095782,2,18:00.8,,
5.00E-05,0.261122704,0.094127499,0.001249673,0.165745541,23.33299637,0.008094563,2,18:40.8,,
5.00E-05,0.240558445,0.101192482,0.00143157,0.137934387,23.58847427,0.008140366,2,19:11.7,,
5.00E-05,0.255103737,0.091739848,0.001150786,0.162213102,24.4481945,0.008182134,2,19:42.6,,
5.00E-05,0.252955317,0.090931453,0.001412497,0.160611361,24.05573273,0.008211784,2,20:13.4,,
5.00E-05,0.253228426,0.09867622,0.001405064,0.153147146,23.04232407,0.008200683,2,20:44.3,,
5.00E-05,0.254873246,0.10133972,0.001294974,0.152238548,23.3305912,0.008213547,2,21:15.3,,
5.00E-05,0.260209948,0.097865783,0.001309183,0.161034971,23.26080322,0.008214158,2,21:46.1,,
5.00E-05,0.257065892,0.096422769,0.001385704,0.159257427,23.84308243,0.008229173,2,22:17.0,,
5.00E-05,0.246682137,0.096570686,0.001212805,0.148898646,23.79788971,0.008219765,2,22:47.8,,
5.00E-05,0.27814126,0.101961173,0.001300316,0.174879774,23.27799797,0.008231319,2,23:18.7,,
5.00E-05,0.242065325,0.088797525,0.001319454,0.151948348,24.79311943,0.008232567,2,23:49.5,,
5.00E-05,0.243612707,0.093593195,0.00127035,0.148749158,24.01718903,0.008239373,2,24:20.4,,
5.00E-05,0.255422443,0.091276027,0.001323714,0.162822708,23.89621735,0.008237413,2,24:51.2,,
5.00E-05,0.24775064,0.091288708,0.001240131,0.155221805,24.61079597,0.00822332,2,25:22.0,,
5.00E-05,0.250648379,0.091961786,0.001269251,0.157417342,24.25333405,0.008185477,2,25:52.9,,
5.00E-05,0.255974084,0.092013553,0.001153657,0.162806883,23.72977448,0.008197328,2,26:23.8,,
5.00E-05,0.267531902,0.104570083,0.001244518,0.161717296,22.68133545,0.008215858,2,26:54.6,,
5.00E-05,0.25159061,0.097481601,0.001304949,0.152804047,23.36236954,0.008210653,2,27:25.6,,
5.00E-05,0.253920794,0.095109701,0.001186281,0.157624796,23.70009995,0.008202978,2,27:56.4,,
5.00E-05,0.259724498,0.091609314,0.001238907,0.166876271,24.29330063,0.008183331,2,28:27.3,,
5.00E-05,0.248114586,0.090241887,0.001145355,0.156727344,23.55194283,0.008185482,2,28:58.1,,
5.00E-05,0.249323964,0.097905651,0.001153182,0.150265142,23.59149933,0.008177675,2,29:29.4,,
5.00E-05,0.266119421,0.097013429,0.0012072,0.167898789,23.710495,0.008171415,2,30:00.3,,
5.00E-05,0.259269267,0.097049117,0.001337689,0.160882458,23.39881897,0.008198888,2,30:31.1,,
5.00E-05,0.262473047,0.096656524,0.001334788,0.164481729,23.84880447,0.008216982,2,31:02.0,,
5.00E-05,0.255794883,0.092328317,0.00114883,0.162317738,24.04240799,0.008255635,2,31:32.9,,
5.00E-05,0.259485304,0.094379514,0.00134309,0.163762704,23.95321846,0.008274311,2,32:03.6,,
5.00E-05,0.253470451,0.098643355,0.001368537,0.153458551,23.27136993,0.00825749,2,32:34.4,,
5.00E-05,0.265618235,0.105880551,0.001277686,0.158459991,22.15712357,0.008254423,2,33:05.4,,
5.00E-05,0.248506695,0.091600589,0.001288789,0.155617326,23.62862015,0.008245952,2,33:36.1,,
5.00E-05,0.238085896,0.088364474,0.001369116,0.148352295,24.56343079,0.008244501,2,34:06.9,,
5.00E-05,0.260123193,0.097384691,0.001186081,0.161552414,23.40529633,0.008248785,2,34:38.0,,
5.00E-05,0.251117408,0.092270926,0.001123665,0.157722816,23.9072876,0.0082332,2,35:08.8,,
5.00E-05,0.253154844,0.094759263,0.001482202,0.15691337,23.86128235,0.008235893,2,35:41.6,,
5.00E-05,0.26237303,0.094841033,0.001266289,0.166265696,23.57338905,0.008235139,2,36:12.4,,
5.00E-05,0.255705684,0.096536011,0.001258321,0.157911345,23.53567505,0.008242628,2,36:43.2,,
5.00E-05,0.258816361,0.092304379,0.001231554,0.165280446,24.55417252,0.008234754,2,37:14.1,,
5.00E-05,0.251983404,0.095440723,0.00118575,0.155356929,24.07323074,0.008242588,2,37:45.0,,
5.00E-05,0.252523363,0.098698936,0.001171925,0.152652487,22.97046852,0.008241506,2,38:15.9,,
5.00E-05,0.235752299,0.092371166,0.001162795,0.142218336,23.54637909,0.008263449,2,38:46.7,,
5.00E-05,0.255839854,0.100550748,0.001249808,0.154039308,22.62722015,0.00825999,2,39:17.5,,
5.00E-05,0.25310877,0.094433188,0.001204571,0.157471001,23.87639618,0.008250932,2,39:48.3,,
5.00E-05,0.257387817,0.095646359,0.001254087,0.160487369,23.95828247,0.008236231,2,40:19.1,,
5.00E-05,0.267766893,0.106103413,0.001199594,0.160463884,22.52474213,0.00827017,2,40:49.9,,
5.00E-05,0.259712636,0.100909904,0.001190633,0.1576121,22.87937355,0.008254835,2,41:20.6,,
5.00E-05,0.258588701,0.098923445,0.001294443,0.158370823,23.40364265,0.008242651,2,41:51.6,,
5.00E-05,0.262061,0.095807232,0.001325984,0.164927766,23.26838493,0.00825719,2,42:22.5,,
5.00E-05,0.26349631,0.096582346,0.001336152,0.165577814,23.01509476,0.008229777,2,42:53.5,,
5.00E-05,0.259376585,0.097154468,0.001278707,0.160943404,23.54417992,0.008199357,2,43:24.4,,
5.00E-05,0.250356615,0.094963595,0.001197521,0.154195502,23.9217453,0.008211056,2,43:55.3,,
5.00E-05,0.250559449,0.099956192,0.001250956,0.149352297,23.2455368,0.008211944,2,44:26.1,,
5.00E-05,0.262049645,0.087730378,0.001234358,0.173084915,24.71910095,0.00820781,2,44:57.0,,
5.00E-05,0.246133,0.092623793,0.001157832,0.152351364,23.63423347,0.008199537,2,45:27.8,,
5.00E-05,0.255154431,0.090880617,0.001185539,0.163088292,24.58454514,0.00817212,2,45:59.0,,
5.00E-05,0.262736857,0.092100196,0.001348909,0.169287741,23.90542221,0.008165727,2,46:29.8,,
5.00E-05,0.260152638,0.092971109,0.001185755,0.165995777,23.96325874,0.008178205,2,47:00.6,,
5.00E-05,0.258360535,0.092620991,0.001326348,0.164413199,23.78697586,0.008188874,2,47:31.4,,
5.00E-05,0.246766567,0.087090813,0.001248255,0.158427492,25.44347572,0.008177098,2,48:02.3,,
5.00E-05,0.255553871,0.087638706,0.001130822,0.166784346,24.58185959,0.00819297,2,48:33.1,,
5.00E-05,0.249001861,0.091975011,0.001398483,0.155628368,23.5907917,0.008185325,2,49:03.9,,
5.00E-05,0.244921148,0.092760481,0.001196045,0.150964633,23.54238129,0.008177773,2,49:34.7,,
5.00E-05,0.252695054,0.097486742,0.001227782,0.153980523,23.47460556,0.008200362,2,50:05.8,,
5.00E-05,0.251441866,0.094921321,0.00131159,0.15520896,22.9122715,0.008211327,2,50:36.6,,
5.00E-05,0.269938439,0.101174802,0.001276216,0.167487428,22.55863953,0.008208664,2,51:07.4,,
5.00E-05,0.24168101,0.091405846,0.00120674,0.14906843,24.69823837,0.008207651,2,51:38.3,,
5.00E-05,0.234198272,0.092855826,0.001151239,0.140191197,23.93728256,0.008201855,2,52:09.2,,
5.00E-05,0.241516948,0.091469511,0.00123325,0.148814186,24.10246277,0.008210543,2,52:40.0,,
5.00E-05,0.247170568,0.095156111,0.001318569,0.15069589,23.5050106,0.008212725,2,53:10.9,,
5.00E-05,0.25455457,0.096452892,0.001286947,0.156814724,23.55078125,0.008179341,2,53:41.8,,
5.00E-05,0.242122933,0.090138286,0.001191035,0.150793612,24.70525551,0.008153293,2,54:12.7,,
5.00E-05,0.246790752,0.10208974,0.001263152,0.143437862,22.4944191,0.008158209,2,54:45.4,,
5.00E-05,0.245047003,0.09191186,0.001286465,0.151848674,23.85822296,0.008147794,2,55:16.3,,
5.00E-05,0.252773345,0.095458001,0.001270921,0.156044409,23.17486191,0.008126818,2,55:47.1,,
5.00E-05,0.263485432,0.099732734,0.001255209,0.162497491,22.9881897,0.00812926,2,56:17.9,,
5.00E-05,0.263242841,0.096338049,0.001236776,0.165668026,23.86867714,0.008144111,2,56:48.8,,
5.00E-05,0.257051378,0.096232802,0.001251345,0.159567222,23.14397049,0.008135949,2,57:19.6,,
5.00E-05,0.253308296,0.102361739,0.001208419,0.149738133,22.71808815,0.008127294,2,57:50.4,,
5.00E-05,0.253617048,0.090328202,0.001364873,0.16192399,24.49032021,0.008116675,2,58:21.2,,
5.00E-05,0.249110937,0.090496153,0.001147013,0.157467768,24.66892052,0.008105865,2,58:52.0,,
5.00E-05,0.247340202,0.090930857,0.001231714,0.155177623,23.79831505,0.008106808,2,59:22.8,,
5.00E-05,0.256172091,0.097420312,0.001175912,0.157575861,23.03369141,0.008092749,2,59:53.6,,
5.00E-05,0.266925782,0.098835208,0.001186078,0.166904494,22.91185188,0.008082522,2,00:24.6,,
5.00E-05,0.254255831,0.091388658,0.001374632,0.161492556,24.07455063,0.008083994,2,00:55.4,,
5.00E-05,0.250173301,0.095841721,0.001314776,0.153016806,23.6150341,0.008083069,2,01:26.2,,
5.00E-05,0.246612698,0.092104837,0.001226006,0.153281853,24.08691216,0.008080056,2,01:57.1,,
5.00E-05,0.252462447,0.096930817,0.001133141,0.154398486,23.99682808,0.008091873,2,02:28.0,,
5.00E-05,0.259367734,0.098700792,0.001203887,0.159463063,23.2054863,0.008088039,2,02:58.7,,
5.00E-05,0.255667627,0.09756323,0.001159241,0.156945139,23.45687866,0.008090426,2,03:29.6,,
5.00E-05,0.251744598,0.09014158,0.001318633,0.160284385,23.86474991,0.008080648,2,04:00.4,,
5.00E-05,0.239587665,0.087767139,0.00116999,0.150650546,25.16448593,0.008080826,2,04:31.3,,
5.00E-05,0.259500653,0.102073751,0.001327483,0.156099424,22.80405807,0.008074767,2,05:02.1,,
5.00E-05,0.253113151,0.101015821,0.001363984,0.150733337,22.82490921,0.008093159,2,05:33.0,,
5.00E-05,0.236473501,0.091238908,0.001286461,0.143948123,24.15544891,0.008110423,2,06:03.7,,
5.00E-05,0.246909857,0.092242301,0.001275578,0.153391972,23.8990612,0.008091715,2,06:34.6,,
5.00E-05,0.255040973,0.093517818,0.001207072,0.160316095,23.59465599,0.00808724,2,07:05.4,,
5.00E-05,0.251464337,0.097139284,0.00131511,0.153009936,23.45733643,0.008094428,2,07:36.2,,
5.00E-05,0.244234651,0.09474162,0.00131258,0.14818044,23.1878643,0.008093046,2,08:07.0,,
5.00E-05,0.24606511,0.084847435,0.001323765,0.1598939,24.37507629,0.008075984,2,08:37.8,,
5.00E-05,0.243068054,0.094941176,0.001341811,0.146785066,23.56191826,0.008107249,2,09:08.5,,
5.00E-05,0.252553284,0.095224895,0.001364146,0.155964226,23.98774338,0.008106212,2,09:39.3,,
5.00E-05,0.262596846,0.095208205,0.001228662,0.166159987,23.43420219,0.008113137,2,10:18.8,,
5.00E-05,0.253035665,0.095487252,0.001290057,0.156258374,23.14855576,0.008118134,2,10:49.9,,
5.00E-05,0.247832626,0.098275803,0.001250296,0.148306534,23.53202057,0.008141498,2,11:20.8,,
5.00E-05,0.249517143,0.095227554,0.001323376,0.152966216,24.00564384,0.008157964,2,11:51.6,,
5.00E-05,0.247318685,0.091233596,0.001334931,0.154750153,23.63876724,0.008161462,2,12:22.4,,
5.00E-05,0.270414621,0.101354808,0.001251316,0.167808488,23.39665222,0.008137505,2,12:53.3,,
5.00E-05,0.267034054,0.101442263,0.001336132,0.164255649,23.13891602,0.008133063,2,13:24.1,,
5.00E-05,0.255183995,0.097211756,0.001385618,0.156586632,23.58137131,0.008137031,2,13:56.8,,
5.00E-05,0.270720005,0.100779988,0.001419893,0.168520138,23.20502281,0.008149748,2,14:27.7,,
5.00E-05,0.259763151,0.104454786,0.001303292,0.154005066,22.43757057,0.008173932,2,14:58.6,,
5.00E-05,0.264208913,0.098765112,0.00127203,0.164171785,22.69084167,0.008169611,2,15:29.3,,
5.00E-05,0.250798225,0.09499836,0.001237571,0.15456228,23.61207771,0.008149336,2,16:00.2,,
5.00E-05,0.252841026,0.092715427,0.001383403,0.158742204,24.22265244,0.008152601,2,16:31.0,,
5.00E-05,0.258442581,0.098808423,0.001274846,0.158359304,23.42467308,0.008137644,2,17:01.8,,
5.00E-05,0.248457819,0.098130852,0.001324341,0.149002627,23.61053658,0.0080903,2,17:32.7,,
5.00E-05,0.259493709,0.096108615,0.001297143,0.162087962,23.31930923,0.00807186,2,18:03.6,,
5.00E-05,0.262661517,0.092436217,0.001247223,0.16897808,23.59118652,0.00808364,2,18:34.3,,
5.00E-05,0.258845598,0.094510078,0.001378856,0.162956655,24.28492355,0.008090221,2,19:05.1,,
5.00E-05,0.253795445,0.095265493,0.001437292,0.157092676,23.60352707,0.008098274,2,19:35.9,,
5.00E-05,0.253290445,0.100168034,0.001487637,0.151634768,23.47763824,0.008093339,2,20:06.8,,
5.00E-05,0.248746037,0.090225779,0.001246276,0.157273993,24.52497292,0.008060691,2,20:37.6,,
5.00E-05,0.275863886,0.10024076,0.001361137,0.174261987,23.1358223,0.008068216,2,21:08.4,,
5.00E-05,0.253599197,0.094312929,0.001416592,0.157869682,23.42103958,0.008054337,2,21:39.2,,
5.00E-05,0.254393816,0.087918483,0.001304959,0.165170372,24.74211502,0.008061136,2,22:10.1,,
5.00E-05,0.262564659,0.103626423,0.001378457,0.157559767,22.59872627,0.00805862,2,22:41.0,,
5.00E-05,0.270785987,0.095235281,0.001224676,0.174326017,23.75248337,0.008034152,2,23:11.7,,
5.00E-05,0.240890443,0.088189699,0.001508254,0.151192486,25.01754761,0.008045972,2,23:42.6,,
5.00E-05,0.254034996,0.09527123,0.001292424,0.157471359,23.24090195,0.008016255,2,24:13.5,,
5.00E-05,0.250169396,0.090489253,0.001257299,0.158422828,24.05443001,0.00802059,2,24:44.3,,
5.00E-05,0.244670391,0.090759031,0.001222628,0.152688742,23.84187698,0.008041814,2,25:15.3,,
5.00E-05,0.258784562,0.099308372,0.001281371,0.158194825,22.90013885,0.00802628,2,25:46.2,,
5.00E-05,0.254635811,0.098229907,0.001245848,0.155160069,22.9372139,0.008016992,2,26:17.1,,
5.00E-05,0.245126173,0.088597201,0.001255165,0.15527381,23.99685097,0.008016783,2,26:47.9,,
5.00E-05,0.24580723,0.092078701,0.00131149,0.152417049,23.73459625,0.007998924,2,27:18.9,,
5.00E-05,0.253897786,0.091930397,0.001335655,0.160631731,23.91184044,0.007995774,2,27:49.7,,
5.00E-05,0.262772441,0.100340649,0.001297815,0.16113399,22.59466553,0.008012292,2,28:20.6,,
5.00E-05,0.254967451,0.092214413,0.001239568,0.161513478,24.33013153,0.008000495,2,28:51.5,,
5.00E-05,0.256738007,0.089721411,0.001303421,0.165713191,24.45579529,0.008004803,2,29:22.5,,
5.00E-05,0.256759256,0.090681382,0.001281899,0.16479598,24.62816048,0.008012827,2,29:53.3,,
5.00E-05,0.251243412,0.092602096,0.00121299,0.157428309,23.96467018,0.008015949,2,30:24.3,,
5.00E-05,0.255221128,0.102880634,0.001278058,0.151062429,22.79896736,0.008015797,2,30:55.2,,
,,,,,,,2,31:17.1,0.863462567,15.51591015
5.00E-05,0.250068814,0.096059121,0.001188637,0.152821049,22.99668884,0.007998504,2,31:47.6,,
5.00E-05,0.242054448,0.085029639,0.001144135,0.155880675,25.22258568,0.00798982,2,32:18.5,,
5.00E-05,0.263314664,0.100569881,0.001310089,0.16143468,22.85923958,0.007975915,2,32:49.3,,
5.00E-05,0.250837415,0.094427206,0.001286015,0.155124187,24.05064774,0.007983525,2,33:22.0,,
5.00E-05,0.25424844,0.096839137,0.001151657,0.156257629,23.62159538,0.007981976,2,33:53.0,,
5.00E-05,0.251912832,0.090847939,0.001058352,0.160006553,24.38590813,0.007979655,2,34:23.6,,
5.00E-05,0.247586757,0.091526277,0.001263949,0.154796526,23.38227272,0.007971779,2,34:54.4,,
5.00E-05,0.257409096,0.099237651,0.001371653,0.156799778,23.02639198,0.007975912,2,35:25.2,,
5.00E-05,0.240298986,0.0891774,0.001364677,0.149756908,24.68787956,0.007976429,2,35:56.1,,
5.00E-05,0.234644413,0.096800894,0.001370533,0.136472985,22.56918907,0.00795622,2,36:26.9,,
5.00E-05,0.253022492,0.094452359,0.001192708,0.157377437,23.48932076,0.007964635,2,36:57.7,,
5.00E-05,0.255778402,0.096173659,0.001441824,0.158162922,23.74019814,0.007963287,2,37:28.6,,
5.00E-05,0.247563034,0.093213163,0.001382188,0.152967677,23.71163177,0.007971364,2,37:59.5,,
5.00E-05,0.270037413,0.094707184,0.001265085,0.174065128,24.10493469,0.00798686,2,38:30.3,,
5.00E-05,0.250876248,0.095923908,0.001247304,0.153705046,23.73781586,0.008004746,2,39:01.2,,
5.00E-05,0.250047922,0.09550447,0.001370601,0.153172836,23.44406319,0.008003059,2,39:32.0,,
5.00E-05,0.261891007,0.089250453,0.001372279,0.171268269,24.15300369,0.008004326,2,40:02.9,,
5.00E-05,0.249905914,0.094284981,0.001258706,0.154362231,23.67984962,0.007992907,2,40:33.8,,
5.00E-05,0.242431313,0.086799979,0.001210314,0.154421017,24.21136475,0.008018519,2,41:04.6,,
5.00E-05,0.257520944,0.09220878,0.001310053,0.16400212,24.17095947,0.008014726,2,41:35.4,,
5.00E-05,0.261647671,0.099349916,0.001343416,0.160954341,23.58804893,0.008016129,2,42:06.3,,
5.00E-05,0.247582346,0.091306992,0.001184147,0.155091211,23.58931351,0.008036144,2,42:37.2,,
5.00E-05,0.260248005,0.094883271,0.001343709,0.16402103,23.76571655,0.008032034,2,43:08.1,,
5.00E-05,0.266051084,0.107127175,0.001302307,0.157621607,22.30794525,0.008023345,2,43:38.9,,
5.00E-05,0.254869938,0.093469657,0.001297267,0.160103008,23.55428314,0.008030304,2,44:09.7,,
5.00E-05,0.264815181,0.098509282,0.001225049,0.16508086,23.05544662,0.008005216,2,44:40.5,,
5.00E-05,0.250065565,0.091214709,0.001174666,0.157676175,24.37535286,0.008004776,2,45:11.4,,
5.00E-05,0.248055682,0.092063919,0.001337333,0.154654428,24.24448395,0.008008751,2,45:42.0,,
5.00E-05,0.249900818,0.092261702,0.001229186,0.156409934,24.33538437,0.0080183,2,46:12.9,,
5.00E-05,0.253137082,0.094429143,0.001236716,0.157471225,23.76903343,0.008034942,2,46:43.6,,
5.00E-05,0.267558813,0.10293933,0.001323108,0.163296357,22.55112076,0.008024868,2,47:14.4,,
5.00E-05,0.257971674,0.093101308,0.001214029,0.163656339,23.31842232,0.008027065,2,47:45.1,,
5.00E-05,0.247468233,0.094809398,0.001353874,0.15130496,23.64863586,0.008015032,2,48:15.8,,
5.00E-05,0.244834751,0.091136955,0.001228985,0.152468815,23.89417458,0.008020724,2,48:46.6,,
5.00E-05,0.261694074,0.098102443,0.001286041,0.162305579,23.15977097,0.00801356,2,49:17.4,,
5.00E-05,0.255672723,0.100078173,0.001250311,0.154344246,22.60456085,0.008008484,2,49:48.2,,
5.00E-05,0.254276514,0.094693281,0.001239411,0.158343837,23.76681519,0.00798643,2,50:19.1,,
5.00E-05,0.246826708,0.094255015,0.001460235,0.151111454,23.69803238,0.00798378,2,50:49.9,,
5.00E-05,0.23445645,0.090733796,0.001333321,0.142389327,24.36781311,0.00798381,2,51:20.7,,
5.00E-05,0.261266112,0.101164691,0.00131781,0.158783615,23.19155693,0.007969829,2,51:51.5,,
5.00E-05,0.255716503,0.100033388,0.001237706,0.15444541,23.45918655,0.007966561,2,52:24.5,,
5.00E-05,0.251767576,0.097240344,0.001204059,0.153323159,23.63809776,0.007970965,2,52:55.2,,
5.00E-05,0.251688898,0.098805606,0.001239801,0.1516435,23.26046944,0.007973767,2,53:26.0,,
5.00E-05,0.262483984,0.103525713,0.00142548,0.157532796,22.66133308,0.007962528,2,53:56.7,,
5.00E-05,0.255056679,0.0947081,0.001180296,0.159168273,23.26656342,0.007960049,2,54:27.5,,
5.00E-05,0.251286864,0.094290704,0.001112036,0.155884132,23.53021622,0.007942289,2,54:58.2,,
5.00E-05,0.2559852,0.097248517,0.001383872,0.15735282,23.13892365,0.007933028,2,55:29.0,,
5.00E-05,0.260995418,0.096975848,0.001363449,0.162656128,23.04663849,0.007938659,2,55:59.7,,
5.00E-05,0.252144158,0.091086656,0.001307548,0.15974994,23.87273026,0.007959677,2,56:30.4,,
5.00E-05,0.261829674,0.10009902,0.001379042,0.160351619,22.80405235,0.007953314,2,57:01.1,,
5.00E-05,0.254124612,0.095484592,0.001206803,0.157433212,23.41274452,0.007945775,2,57:31.8,,
5.00E-05,0.258022368,0.094923943,0.001249519,0.161848888,23.99602699,0.007964438,2,58:02.7,,
5.00E-05,0.250682771,0.098245688,0.001287676,0.151149407,22.52902794,0.007968141,2,58:33.6,,
5.00E-05,0.253409028,0.0959953,0.001287945,0.156125784,23.67909241,0.007973428,2,59:04.5,,
5.00E-05,0.239830911,0.085384861,0.001264991,0.153181061,25.29419899,0.007986774,2,59:35.5,,
5.00E-05,0.246853024,0.087377168,0.001304985,0.158170879,24.84798431,0.007972078,2,00:06.3,,
5.00E-05,0.244448379,0.091711394,0.001301713,0.151435271,24.31653786,0.007955874,2,00:37.3,,
5.00E-05,0.241938815,0.092967421,0.001289905,0.14768149,23.47761917,0.00797501,2,01:08.2,,
5.00E-05,0.261048317,0.095559791,0.001348422,0.164140105,23.50053787,0.007945449,2,01:39.1,,
5.00E-05,0.250634789,0.095556289,0.001347787,0.153730705,23.8619709,0.007947404,2,02:18.9,,
5.00E-05,0.246793255,0.097017176,0.001257173,0.148518905,23.27336502,0.007929121,2,02:49.8,,
5.00E-05,0.256378978,0.099299692,0.001261502,0.155817792,22.46037674,0.007906683,2,03:20.6,,
5.00E-05,0.247737244,0.095566995,0.001134063,0.151036188,24.05080795,0.00791368,2,03:51.2,,
5.00E-05,0.256639242,0.094206877,0.001328373,0.161103994,23.48872375,0.007928717,2,04:22.0,,
5.00E-05,0.240644336,0.088748999,0.00129011,0.150605217,24.04009819,0.007908814,2,04:52.9,,
5.00E-05,0.249799684,0.098686449,0.001268781,0.149844453,23.5624485,0.00788002,2,05:23.6,,
5.00E-05,0.25464797,0.094154641,0.001221328,0.159272015,22.89118576,0.007893261,2,05:54.6,,
5.00E-05,0.260912776,0.099975087,0.001194627,0.159743056,22.89920425,0.007893013,2,06:25.7,,
5.00E-05,0.249269009,0.092891246,0.001266591,0.155111164,23.8173008,0.00790717,2,06:56.4,,
5.00E-05,0.275376797,0.101277187,0.001280947,0.172818646,23.23450279,0.007893498,2,07:27.4,,
5.00E-05,0.247517139,0.089281105,0.001181355,0.157054678,23.95463181,0.007883568,2,07:58.4,,
5.00E-05,0.257334173,0.095166698,0.001325282,0.16084218,22.80857277,0.007866614,2,08:29.3,,
5.00E-05,0.252433956,0.094844416,0.001271231,0.156318322,23.7150383,0.007846036,2,09:00.3,,
5.00E-05,0.265349984,0.099919587,0.001225354,0.164205059,22.90016937,0.007853987,2,09:31.1,,
5.00E-05,0.250645339,0.09478651,0.001365854,0.154492959,23.28270721,0.007864225,2,10:02.2,,
5.00E-05,0.263790846,0.100082211,0.001257095,0.16245155,22.83571434,0.007857208,2,10:33.0,,
5.00E-05,0.258187473,0.097100973,0.001291729,0.159794778,23.43467522,0.007868744,2,11:03.9,,
5.00E-05,0.250891447,0.09698078,0.001314807,0.152595863,23.40901947,0.007885655,2,11:36.6,,
5.00E-05,0.255611956,0.096487224,0.001353686,0.157771036,23.80981445,0.007869184,2,12:07.5,,
5.00E-05,0.26969713,0.100711212,0.001347526,0.167638391,23.27285957,0.007860404,2,12:38.4,,
5.00E-05,0.247442216,0.095316097,0.001264811,0.150861308,23.65411758,0.007859801,2,13:09.6,,
5.00E-05,0.24058494,0.093509644,0.001185513,0.145889789,23.90244293,0.007823724,2,13:40.5,,
5.00E-05,0.251258016,0.090642609,0.00119503,0.159420386,23.8332386,0.007801034,2,14:11.4,,
5.00E-05,0.252314031,0.096261732,0.00135526,0.154697031,23.75133705,0.007796203,2,14:42.3,,
5.00E-05,0.250914127,0.093704417,0.001155885,0.156053826,23.43372726,0.007792829,2,15:13.2,,
5.00E-05,0.25091818,0.097101539,0.001233692,0.152582943,23.56841087,0.007796706,2,15:44.1,,
5.00E-05,0.240819424,0.089943707,0.001241412,0.149634302,24.51997375,0.007782917,2,16:15.1,,
5.00E-05,0.260482222,0.096476562,0.001277503,0.162728146,22.83750343,0.00780361,2,16:46.0,,
5.00E-05,0.259468764,0.091010727,0.001274586,0.167183459,24.48941803,0.00780824,2,17:17.0,,
5.00E-05,0.251261681,0.098766737,0.001232397,0.151262537,22.6988945,0.007821162,2,17:47.8,,
5.00E-05,0.242888778,0.089556724,0.001171416,0.15216063,24.48518562,0.007805191,2,18:18.8,,
5.00E-05,0.25450924,0.094165452,0.001152271,0.159191519,23.70078278,0.007814873,2,18:49.7,,
5.00E-05,0.243770719,0.092086747,0.001125511,0.150558457,24.01480675,0.007790767,2,19:20.6,,
5.00E-05,0.252358019,0.095490947,0.001109123,0.155757949,23.15493774,0.007772318,2,19:51.5,,
5.00E-05,0.24449496,0.094554849,0.001216839,0.148723274,23.82335854,0.007754124,2,20:22.3,,
5.00E-05,0.251215637,0.092229262,0.001193534,0.157792851,23.16820335,0.007766882,2,20:53.2,,
5.00E-05,0.244462922,0.093698129,0.001168964,0.149595827,23.35930252,0.007738551,2,21:24.1,,
5.00E-05,0.266008735,0.09560255,0.001266442,0.169139728,23.73046875,0.007740074,2,21:54.7,,
5.00E-05,0.245741785,0.094383068,0.001317201,0.150041506,23.53641129,0.007747272,2,22:25.5,,
5.00E-05,0.24383539,0.092683837,0.001193891,0.149957657,24.23662949,0.007765186,2,22:56.2,,
5.00E-05,0.2487932,0.091483794,0.001200876,0.156108528,24.50990677,0.007750405,2,23:27.0,,
5.00E-05,0.247446612,0.095165871,0.001126715,0.151154026,23.76770782,0.007728458,2,23:57.8,,
5.00E-05,0.234581292,0.085633852,0.001166024,0.147781417,25.16820145,0.007720256,2,24:28.5,,
5.00E-05,0.245939195,0.092220083,0.001236394,0.152482718,24.22843742,0.007694273,2,24:59.3,,
5.00E-05,0.245759994,0.087894492,0.001185788,0.156679705,24.69367027,0.007711834,2,25:30.2,,
5.00E-05,0.247505516,0.090996876,0.001304229,0.155204415,24.15954208,0.007690557,2,26:01.0,,
5.00E-05,0.255004346,0.094197609,0.001355953,0.159450784,24.12331772,0.007717227,2,26:31.9,,
5.00E-05,0.256226718,0.097061805,0.001349542,0.157815367,23.79961205,0.007706518,2,27:02.7,,
5.00E-05,0.254425198,0.094845317,0.001200378,0.158379495,23.4777298,0.007688655,2,27:33.5,,
5.00E-05,0.263065457,0.092757322,0.001154659,0.169153467,23.75751686,0.007697234,2,28:04.3,,
5.00E-05,0.244075552,0.093477674,0.001302113,0.149295762,24.18688011,0.007711664,2,28:35.1,,
5.00E-05,0.262071133,0.096945345,0.001241667,0.163884118,23.58044624,0.00769307,2,29:05.9,,
5.00E-05,0.254977584,0.090016045,0.001255947,0.163705602,24.31279755,0.00769351,2,29:36.7,,
5.00E-05,0.248048246,0.088996895,0.00121922,0.157832131,24.46640778,0.007680355,2,30:07.6,,
5.00E-05,0.256719589,0.085247651,0.001330656,0.17014128,25.47875595,0.007666432,2,30:40.2,,
5.00E-05,0.247663617,0.08745338,0.001113712,0.159096524,24.59328842,0.007665445,2,31:11.0,,
5.00E-05,0.239165142,0.087335862,0.001176532,0.150652751,24.65467072,0.00768923,2,31:41.9,,
5.00E-05,0.260653198,0.091660134,0.0012169,0.167776152,23.966259,0.007692196,2,32:12.5,,
5.00E-05,0.257626504,0.092258818,0.001207033,0.164160654,23.84605789,0.007708749,2,32:43.2,,
5.00E-05,0.252289116,0.094786629,0.001286881,0.156215608,24.30630684,0.007702106,2,33:14.1,,
5.00E-05,0.254882514,0.08989048,0.001154677,0.163837358,23.95895958,0.007706691,2,33:45.1,,
5.00E-05,0.240902945,0.087109365,0.001180659,0.152612925,24.95043564,0.007689465,2,34:16.0,,
5.00E-05,0.23647204,0.088802211,0.001159317,0.146510512,24.51627541,0.007669807,2,34:46.8,,
5.00E-05,0.26723668,0.101800054,0.001231498,0.164205134,22.84222031,0.007661718,2,35:17.6,,
5.00E-05,0.251750052,0.093099721,0.001289253,0.157361075,23.5763588,0.00765782,2,35:48.5,,
5.00E-05,0.253091782,0.091105253,0.001280387,0.160706148,23.54129028,0.007699632,2,36:19.3,,
5.00E-05,0.238878503,0.086287335,0.001158772,0.151432395,24.43224716,0.00768953,2,36:50.2,,
5.00E-05,0.254389763,0.089045651,0.001133416,0.164210677,23.87707138,0.007691697,2,37:20.9,,
5.00E-05,0.24826175,0.090981953,0.001184903,0.156094894,24.3196125,0.007701823,2,37:51.7,,
5.00E-05,0.237650275,0.09363801,0.001272154,0.142740101,23.52114677,0.007694193,2,38:22.5,,
5.00E-05,0.241511732,0.090739399,0.001146666,0.149625659,23.78492355,0.007679582,2,38:53.3,,
5.00E-05,0.242491767,0.087254226,0.001227169,0.15401037,24.20901108,0.007683863,2,39:24.0,,
5.00E-05,0.244344592,0.090067402,0.00120891,0.153068289,23.66987038,0.007666995,2,39:54.9,,
5.00E-05,0.250535578,0.088125855,0.001236696,0.161173031,24.66661835,0.00766584,2,40:25.7,,
5.00E-05,0.241173759,0.087676734,0.001192781,0.152304247,24.24768639,0.007691254,2,40:56.5,,
5.00E-05,0.248119414,0.087226376,0.001206923,0.159686118,24.82554626,0.007700986,2,41:27.4,,
5.00E-05,0.242329389,0.088387109,0.001168698,0.152773574,24.18394089,0.007705442,2,41:58.1,,
5.00E-05,0.241277128,0.091591761,0.001228223,0.148457155,24.09860992,0.007697814,2,42:28.9,,
5.00E-05,0.238880545,0.095596306,0.001142792,0.142141446,23.74367523,0.007680637,2,42:59.7,,
5.00E-05,0.255523205,0.099525869,0.001294581,0.154702768,23.28462601,0.007713607,2,43:30.5,,
5.00E-05,0.252807736,0.085324302,0.001108499,0.166374922,25.04748917,0.007669375,2,44:01.4,,
5.00E-05,0.250625223,0.090881824,0.001138972,0.158604428,24.2387085,0.007689108,2,44:32.3,,
5.00E-05,0.258022219,0.093514666,0.001252701,0.163254842,24.26107597,0.007669065,2,45:03.0,,
5.00E-05,0.242862061,0.092504978,0.001099033,0.149258047,23.58471107,0.007672371,2,45:33.9,,
5.00E-05,0.242205411,0.088138551,0.001295082,0.152771786,24.02748489,0.007665928,2,46:04.8,,
5.00E-05,0.250584513,0.089986958,0.001270972,0.159326583,23.85157585,0.007649094,2,46:35.7,,
5.00E-05,0.251509488,0.096689984,0.001144108,0.153675377,23.50022888,0.007650729,2,47:06.6,,
5.00E-05,0.250854582,0.08386109,0.001098889,0.165894598,24.89436722,0.007659453,2,47:37.4,,
5.00E-05,0.250825405,0.091654181,0.001175725,0.157995507,23.84970665,0.007634395,2,48:08.3,,
5.00E-05,0.253330171,0.0903005,0.001253233,0.161776453,24.45678711,0.007622595,2,48:39.1,,
5.00E-05,0.25410676,0.093288295,0.001076814,0.15974167,24.32009697,0.007645422,2,49:10.1,,
5.00E-05,0.250993311,0.090767018,0.001151494,0.159074813,23.94416809,0.007640691,2,49:42.7,,
5.00E-05,0.256282568,0.100845329,0.001059434,0.154377818,22.29227066,0.007627372,2,50:13.5,,
5.00E-05,0.261463672,0.098867498,0.001117661,0.161478519,23.41989326,0.007627151,2,50:44.4,,
5.00E-05,0.23796913,0.085526802,0.00117613,0.151266202,24.70733833,0.00762886,2,51:15.3,,
5.00E-05,0.246291667,0.095133543,0.001250024,0.14990811,23.79987526,0.007652703,2,51:46.1,,
5.00E-05,0.251370072,0.087279275,0.001093379,0.162997425,24.44826317,0.007609554,2,52:17.0,,
5.00E-05,0.254201591,0.090679966,0.001101164,0.162420467,24.15636063,0.007615202,2,52:47.7,,
5.00E-05,0.248949468,0.098207794,0.001199119,0.149542555,23.63663673,0.007606916,2,53:18.5,,
5.00E-05,0.257301629,0.095359854,0.001280064,0.160661727,23.68605804,0.007600427,2,53:58.3,,
5.00E-05,0.252850503,0.097627215,0.001157838,0.15406546,23.38167572,0.007621069,2,54:29.3,,
5.00E-05,0.271680713,0.096896365,0.001218422,0.173565909,23.03775597,0.007641457,2,55:00.1,,
5.00E-05,0.257952571,0.092500634,0.001297558,0.164154381,23.24946213,0.007668864,2,55:30.9,,
5.00E-05,0.250164479,0.092819221,0.001387551,0.155957699,24.29922104,0.007672715,2,56:01.7,,
5.00E-05,0.249309823,0.093590118,0.001239231,0.154480472,23.69501305,0.007696951,2,56:32.5,,
5.00E-05,0.252835035,0.092245601,0.001264277,0.159325153,23.9514637,0.007714559,2,57:03.3,,
5.00E-05,0.256299138,0.097395226,0.001413747,0.157490149,22.59230804,0.007710988,2,57:34.1,,
5.00E-05,0.24895218,0.096762635,0.001228824,0.150960714,23.20622635,0.007706787,2,58:04.8,,
5.00E-05,0.251210064,0.091463119,0.001245607,0.158501342,23.70458794,0.007725949,2,58:35.5,,
5.00E-05,0.246313885,0.094510175,0.001166741,0.150636971,24.16120338,0.007720749,2,59:06.3,,
5.00E-05,0.246466666,0.093219563,0.001231546,0.152015552,23.44810104,0.007790158,2,59:37.1,,
5.00E-05,0.249359608,0.09275265,0.001337458,0.155269489,23.4087677,0.007805183,2,00:07.9,,
5.00E-05,0.251835942,0.091643147,0.001241631,0.158951148,23.82562447,0.007822143,2,00:38.7,,
5.00E-05,0.234379232,0.085730709,0.001185418,0.147463098,25.28078461,0.007821378,2,01:09.4,,
5.00E-05,0.242655754,0.092184938,0.001296161,0.14917466,23.74381065,0.007807175,2,01:40.3,,
5.00E-05,0.257644176,0.09699735,0.00117758,0.159469247,23.42418861,0.007806531,2,02:11.2,,
5.00E-05,0.258228302,0.091345273,0.001242777,0.165640235,24.0124588,0.007817057,2,02:42.1,,
5.00E-05,0.233248591,0.083810993,0.001285244,0.148152351,25.45657921,0.007805649,2,03:13.0,,
5.00E-05,0.256215304,0.091988869,0.00128138,0.162945047,24.39226151,0.007807074,2,03:44.1,,
5.00E-05,0.25193423,0.089585297,0.001276774,0.161072165,24.17654037,0.0078092,2,04:14.9,,
5.00E-05,0.254779488,0.090477571,0.001299628,0.163002297,24.34190369,0.007787981,2,04:45.8,,
5.00E-05,0.255035341,0.093934372,0.001197948,0.159903035,23.76145554,0.007778517,2,05:16.7,,
5.00E-05,0.257829756,0.093099453,0.001265409,0.163464889,24.16786575,0.007760656,2,05:47.6,,
5.00E-05,0.252779067,0.091339022,0.00135333,0.160086721,23.95942307,0.007796501,2,06:18.5,,
5.00E-05,0.246274382,0.093315609,0.001259435,0.151699334,23.62382507,0.007811613,2,06:49.4,,
5.00E-05,0.250342995,0.091036439,0.001322142,0.157984421,23.92432976,0.007815332,2,07:20.2,,
5.00E-05,0.2424808,0.08953122,0.001242776,0.1517068,23.60585213,0.007815987,2,07:51.1,,
5.00E-05,0.246564835,0.089404687,0.001161122,0.155999035,24.07396507,0.007832052,2,08:21.9,,
5.00E-05,0.242902398,0.092303067,0.001327704,0.149271622,23.5250473,0.007847525,2,08:54.7,,
5.00E-05,0.249560341,0.091737106,0.001294494,0.156528741,23.787117,0.00782755,2,09:25.6,,
5.00E-05,0.250234663,0.09040384,0.001205135,0.158625707,24.36759186,0.007813267,2,09:56.4,,
5.00E-05,0.240459383,0.091426715,0.00114886,0.147883818,24.11509514,0.007790986,2,10:27.4,,
5.00E-05,0.255551636,0.087699935,0.00115057,0.166701123,25.07765007,0.007812746,2,10:58.2,,
5.00E-05,0.255897373,0.091779813,0.001304218,0.162813351,23.68962288,0.00781012,2,11:29.0,,
5.00E-05,0.247333482,0.089118026,0.001224094,0.156991363,24.10378456,0.007820939,2,12:00.0,,
5.00E-05,0.256192297,0.096245408,0.0013154,0.158631489,23.40381622,0.007834981,2,12:30.8,,
5.00E-05,0.258413643,0.097890437,0.001156894,0.15936631,23.04115677,0.007829741,2,13:01.7,,
5.00E-05,0.25451383,0.096724913,0.001249483,0.15653944,23.46678734,0.007832467,2,13:32.6,,
5.00E-05,0.25980407,0.089556336,0.001161142,0.169086576,23.99544716,0.007849528,2,14:03.5,,
5.00E-05,0.256686985,0.096937507,0.0012658,0.158483669,23.06419563,0.007823743,2,14:34.3,,
,,,,,,,2,14:56.7,0.868371606,15.42018414
5.00E-05,0.261721104,0.093565419,0.001287244,0.166868448,23.63293457,0.007810168,2,15:27.3,,
5.00E-05,0.247160971,0.094536431,0.001209261,0.151415274,22.90666389,0.007812031,2,15:58.0,,
5.00E-05,0.25692004,0.09323065,0.001246799,0.16244261,23.59611893,0.007808772,2,16:29.0,,
5.00E-05,0.254509836,0.09550643,0.001264742,0.157738671,23.40529633,0.007831872,2,16:59.8,,
5.00E-05,0.251482099,0.095087677,0.001198002,0.155196413,23.4701767,0.007822445,2,17:30.7,,
5.00E-05,0.24684839,0.093569852,0.001299986,0.151978552,23.56297493,0.007815547,2,18:01.4,,
5.00E-05,0.269315541,0.099869564,0.001246461,0.168199509,22.82638359,0.007814635,2,18:32.4,,
5.00E-05,0.251301408,0.092128158,0.001224909,0.15794836,24.07158661,0.007810387,2,19:03.2,,
5.00E-05,0.258913577,0.098513395,0.001216697,0.159183502,22.99362946,0.007818488,2,19:34.2,,
5.00E-05,0.255658209,0.093449295,0.001153789,0.161055133,23.77207565,0.00783454,2,20:05.0,,
5.00E-05,0.255862713,0.091616079,0.001244383,0.163002253,24.01832581,0.007815391,2,20:35.9,,
5.00E-05,0.261092693,0.094116017,0.001234228,0.165742442,24.09647942,0.007829117,2,21:06.7,,
5.00E-05,0.257965267,0.092935815,0.001206745,0.163822711,23.73739433,0.007802853,2,21:37.6,,
5.00E-05,0.263167918,0.097612999,0.001302827,0.164252087,23.19310951,0.007789237,2,22:08.5,,
5.00E-05,0.235559061,0.088078655,0.001231368,0.146249041,24.92425919,0.007783615,2,22:39.4,,
5.00E-05,0.252061903,0.08961805,0.001320496,0.161123365,23.97577477,0.007778113,2,23:10.4,,
5.00E-05,0.252591759,0.090678394,0.001145429,0.160767943,23.86099625,0.007771011,2,23:41.3,,
5.00E-05,0.258047521,0.100965276,0.001296907,0.155785352,23.23690224,0.007751895,2,24:12.2,,
5.00E-05,0.239908606,0.087081335,0.00142452,0.151402757,24.79000282,0.007756387,2,24:43.1,,
5.00E-05,0.259756118,0.099888936,0.001218048,0.158649132,22.38921928,0.007768283,2,25:13.9,,
5.00E-05,0.249085784,0.08916416,0.001156193,0.158765435,24.25837326,0.007750269,2,25:44.8,,
5.00E-05,0.255582929,0.089364335,0.001127709,0.165090904,23.79275894,0.007742578,2,26:15.7,,
5.00E-05,0.23493968,0.085862547,0.001189815,0.147887319,24.35971451,0.007752268,2,26:46.7,,
5.00E-05,0.255146176,0.093010426,0.001197421,0.160938323,23.87219429,0.007755732,2,27:17.6,,
5.00E-05,0.247365177,0.088402338,0.001311255,0.157651588,24.32179642,0.007777133,2,27:48.6,,
5.00E-05,0.252402306,0.090542778,0.001140397,0.160719141,24.2062912,0.007784094,2,28:21.3,,
5.00E-05,0.250807494,0.087359808,0.001187705,0.162259981,24.4215374,0.007771025,2,28:52.2,,
5.00E-05,0.251975089,0.097656675,0.001139118,0.153179288,23.0878849,0.007767646,2,29:23.1,,
5.00E-05,0.263299674,0.096820839,0.001187092,0.165291741,23.11041832,0.00776538,2,29:54.0,,
5.00E-05,0.254639775,0.096020922,0.001095587,0.15752326,23.84613228,0.007748453,2,30:24.8,,
5.00E-05,0.250436515,0.088308387,0.001215761,0.160912365,23.93598747,0.007748573,2,30:55.7,,
5.00E-05,0.25877437,0.09575028,0.001165157,0.161858931,23.5153656,0.007737872,2,31:26.6,,
5.00E-05,0.249979183,0.092450537,0.001235969,0.156292677,23.81306076,0.007732081,2,31:57.6,,
5.00E-05,0.245602027,0.085304223,0.001311984,0.158985823,24.38184547,0.007710812,2,32:28.4,,
5.00E-05,0.239333764,0.08747267,0.001244374,0.15061672,23.77095032,0.007714434,2,32:59.3,,
5.00E-05,0.242993683,0.090142839,0.001237184,0.151613668,24.49906921,0.00773269,2,33:30.1,,
5.00E-05,0.259193897,0.091145284,0.001148023,0.166900575,23.8956604,0.007725301,2,34:01.1,,
5.00E-05,0.242285594,0.088748664,0.00126986,0.152267069,24.26565933,0.007718574,2,34:31.8,,
5.00E-05,0.254015356,0.094979204,0.001291095,0.157745048,23.39352417,0.007700505,2,35:02.8,,
5.00E-05,0.259423584,0.096688867,0.001241722,0.161493003,23.45596123,0.00768191,2,35:33.6,,
5.00E-05,0.25044775,0.092641309,0.001224088,0.156582341,23.33101082,0.007692259,2,36:04.7,,
5.00E-05,0.247268811,0.091545478,0.001251396,0.154471934,23.91969299,0.007713058,2,36:35.5,,
5.00E-05,0.250297517,0.092471391,0.001128686,0.156697437,23.47275543,0.007722189,2,37:06.4,,
5.00E-05,0.238985896,0.089807533,0.001202512,0.147975847,24.05555344,0.007718242,2,37:37.2,,
5.00E-05,0.248034865,0.090522513,0.00124698,0.156265378,23.96549606,0.007754759,2,38:08.2,,
5.00E-05,0.250229746,0.090521567,0.001174251,0.158533931,24.92704773,0.007755171,2,38:39.0,,
5.00E-05,0.255610764,0.095278345,0.001262789,0.159069628,23.13005257,0.007738296,2,39:09.8,,
5.00E-05,0.26247853,0.094909579,0.001270088,0.166298851,22.96959877,0.007711793,2,39:40.6,,
5.00E-05,0.251323909,0.097361565,0.001172764,0.152789578,23.18619919,0.007690568,2,40:11.6,,
5.00E-05,0.252983093,0.090984143,0.001252735,0.160746217,23.96329117,0.007697986,2,40:42.6,,
5.00E-05,0.246038303,0.089159295,0.001170711,0.155708298,24.24019814,0.007689857,2,41:13.6,,
5.00E-05,0.262769371,0.101465814,0.001339129,0.159964427,22.88776398,0.007676008,2,41:44.5,,
5.00E-05,0.245785743,0.091618434,0.001285096,0.152882203,23.62794876,0.007657791,2,42:15.5,,
5.00E-05,0.245862454,0.086524539,0.001240493,0.158097431,23.9366436,0.007661951,2,42:46.4,,
5.00E-05,0.247241244,0.087044492,0.001269772,0.158926979,24.73943329,0.007693712,2,43:17.4,,
5.00E-05,0.27126503,0.107165888,0.001166322,0.162932828,22.08057213,0.007694768,2,43:48.4,,
5.00E-05,0.263064653,0.089608818,0.001303743,0.172152087,24.25004768,0.007675591,2,44:19.3,,
5.00E-05,0.258529812,0.088842005,0.001237906,0.168449894,24.18514252,0.00766584,2,44:50.3,,
5.00E-05,0.247857735,0.086709954,0.001309773,0.159838006,24.74278641,0.007643224,2,45:21.2,,
5.00E-05,0.250064433,0.096795142,0.001252521,0.152016774,23.44431686,0.007648464,2,46:01.3,,
5.00E-05,0.243867591,0.089831352,0.001342968,0.152693272,24.14204407,0.007664085,2,46:32.2,,
5.00E-05,0.242931962,0.086424477,0.001288245,0.155219242,24.55706406,0.007648784,2,47:03.1,,
5.00E-05,0.252928317,0.095198102,0.001281973,0.15644823,23.81473732,0.007667898,2,47:35.9,,
5.00E-05,0.260834843,0.094361357,0.001309529,0.165163949,24.03103065,0.007664623,2,48:06.8,,
5.00E-05,0.267166615,0.094741717,0.001285365,0.171139523,23.85512161,0.007695249,2,48:37.9,,
5.00E-05,0.244538397,0.089395344,0.001236356,0.153906703,24.17681503,0.007707051,2,49:08.8,,
5.00E-05,0.259876609,0.101919331,0.001264115,0.156693161,22.17063713,0.007690286,2,49:39.8,,
5.00E-05,0.23950249,0.090844437,0.001236826,0.147421226,24.53157616,0.007694665,2,50:10.6,,
5.00E-05,0.244819477,0.092814915,0.00128571,0.150718853,23.54348183,0.007707548,2,50:41.6,,
5.00E-05,0.249301434,0.097572088,0.001193251,0.150536105,22.84138489,0.007741279,2,51:12.4,,
5.00E-05,0.232858658,0.087158434,0.001270365,0.144429862,25.25870323,0.007732977,2,51:43.4,,
5.00E-05,0.247319594,0.090438761,0.001233586,0.155647248,24.47333336,0.0077585,2,52:14.1,,
5.00E-05,0.253994882,0.100452289,0.001258528,0.152284056,23.05921745,0.007757925,2,52:45.1,,
5.00E-05,0.256768167,0.09055426,0.001227921,0.16498597,23.92095566,0.007770169,2,53:16.0,,
5.00E-05,0.257250726,0.090941183,0.001263564,0.165045962,24.23624039,0.007779801,2,53:46.9,,
5.00E-05,0.256441087,0.097973332,0.001247704,0.157220051,23.2338829,0.00777052,2,54:17.8,,
5.00E-05,0.255276233,0.090951391,0.001232515,0.16309233,24.06318665,0.007771084,2,54:48.7,,
5.00E-05,0.240159541,0.091084979,0.001329026,0.147745535,23.77052116,0.007748055,2,55:19.6,,
5.00E-05,0.247786164,0.092013687,0.001212473,0.154560015,23.28143883,0.007728627,2,55:50.5,,
5.00E-05,0.252172887,0.09288875,0.00131679,0.157967344,23.43726158,0.007765657,2,56:21.4,,
5.00E-05,0.248910144,0.092938773,0.001218626,0.154752746,23.92404556,0.007765265,2,56:52.5,,
5.00E-05,0.255765498,0.093944766,0.001245763,0.160574988,24.26514053,0.007758152,2,57:23.4,,
5.00E-05,0.235354215,0.084881879,0.001229899,0.149242446,24.57483101,0.00775199,2,57:54.4,,
5.00E-05,0.234884024,0.086356536,0.001239422,0.147288069,24.98427391,0.007749703,2,58:25.3,,
5.00E-05,0.262124985,0.095037952,0.001306257,0.165780768,23.29220581,0.007745957,2,58:56.2,,
5.00E-05,0.24105674,0.089287162,0.00131739,0.150452182,24.41932678,0.007728746,2,59:27.1,,
5.00E-05,0.237824291,0.088751927,0.001258862,0.147813499,24.55421066,0.007732841,2,59:58.1,,
5.00E-05,0.238861561,0.091257043,0.001215173,0.14638935,23.90833092,0.00771254,2,00:29.1,,
5.00E-05,0.245294273,0.095952109,0.001354546,0.147987619,23.73287582,0.007728565,2,01:00.1,,
5.00E-05,0.256363511,0.095005296,0.001189027,0.160169184,23.46357155,0.007734397,2,01:30.9,,
5.00E-05,0.25712654,0.093792669,0.001213151,0.16212073,23.4979248,0.007722568,2,02:01.8,,
5.00E-05,0.249008223,0.093491353,0.001225793,0.154291078,23.83543968,0.007727412,2,02:32.7,,
5.00E-05,0.243908957,0.088153854,0.001232682,0.154522419,24.69173622,0.007710165,2,03:03.6,,
5.00E-05,0.251273483,0.090506144,0.001483393,0.159283936,23.74246407,0.00771871,2,03:34.5,,
5.00E-05,0.248303562,0.091820359,0.001193806,0.155289397,23.58930206,0.007708404,2,04:05.4,,
5.00E-05,0.257081181,0.100195631,0.001318458,0.155567095,22.43259811,0.007723971,2,04:36.3,,
5.00E-05,0.241602153,0.090537012,0.001241659,0.149823472,23.91468239,0.007739935,2,05:07.2,,
5.00E-05,0.234148443,0.088839613,0.00121765,0.144091174,24.34404755,0.007773608,2,05:38.1,,
5.00E-05,0.257728547,0.096440114,0.001227386,0.160061046,23.95208549,0.00778565,2,06:09.0,,
5.00E-05,0.241813093,0.089598283,0.00124147,0.15097335,23.9540081,0.007796791,2,06:41.7,,
5.00E-05,0.26316607,0.099448442,0.001305865,0.162411749,22.78230286,0.007783849,2,07:12.6,,
5.00E-05,0.252504945,0.090724364,0.001265328,0.160515249,24.01968956,0.007777646,2,07:43.4,,
5.00E-05,0.249290228,0.090388723,0.001234962,0.157666534,24.08199692,0.007778662,2,08:14.1,,
5.00E-05,0.246777028,0.094720222,0.0012142,0.150842607,22.39780045,0.007756176,2,08:45.0,,
5.00E-05,0.262214988,0.094914004,0.001217616,0.166083366,23.11884689,0.00773847,2,09:16.0,,
5.00E-05,0.250389367,0.09571939,0.001264539,0.153405443,23.39708138,0.007756017,2,09:46.9,,
5.00E-05,0.241639763,0.093718149,0.001313032,0.146608591,23.24736023,0.007742876,2,10:17.8,,
5.00E-05,0.236403987,0.08764451,0.00115854,0.147600934,24.14363861,0.007746068,2,10:48.7,,
5.00E-05,0.246971548,0.093961984,0.001397152,0.151612416,23.89550781,0.007741009,2,11:19.5,,
5.00E-05,0.252800435,0.090498477,0.001251674,0.161050275,24.10191345,0.007747245,2,11:50.3,,
5.00E-05,0.235632271,0.089432575,0.001248128,0.144951567,24.4197731,0.007731341,2,12:21.2,,
5.00E-05,0.251604974,0.091490567,0.001245738,0.158868656,23.44441223,0.007741821,2,12:52.0,,
5.00E-05,0.246795982,0.092317864,0.001223792,0.15325433,24.09812164,0.007739776,2,13:22.9,,
5.00E-05,0.244047821,0.091961414,0.001143147,0.150943264,24.18628502,0.007751735,2,13:53.7,,
5.00E-05,0.246514127,0.094212905,0.001192912,0.15110831,23.97339821,0.007769353,2,14:24.7,,
5.00E-05,0.24221693,0.092788234,0.001170262,0.148258433,23.90561867,0.007758018,2,14:55.6,,
5.00E-05,0.256763428,0.097012825,0.001306709,0.158443898,23.86981964,0.007742796,2,15:26.4,,
5.00E-05,0.257550776,0.092258856,0.001267909,0.164024025,24.29135513,0.007746153,2,15:57.3,,
5.00E-05,0.24628064,0.090689644,0.001279822,0.154311165,23.96496773,0.007745757,2,16:28.2,,
5.00E-05,0.244224548,0.090566076,0.001243227,0.152415246,23.07222557,0.007743272,2,16:59.1,,
5.00E-05,0.239515781,0.090528011,0.001211272,0.147776499,23.74401283,0.007734257,2,17:30.3,,
5.00E-05,0.262985706,0.093552455,0.001252805,0.168180451,23.48329544,0.007750922,2,18:01.1,,
5.00E-05,0.246121675,0.094117023,0.001199635,0.150805026,23.31199646,0.007758621,2,18:32.2,,
5.00E-05,0.238609344,0.089975812,0.001188594,0.147444949,24.80495262,0.007723172,2,19:03.2,,
5.00E-05,0.239314646,0.088166669,0.001168881,0.1499791,23.9271698,0.007733246,2,19:34.2,,
5.00E-05,0.245559931,0.091055512,0.001223394,0.153281033,24.17453766,0.007734448,2,20:05.1,,
5.00E-05,0.247614354,0.090379663,0.001267542,0.155967146,23.84028435,0.007736817,2,20:36.0,,
5.00E-05,0.247556821,0.084339067,0.001191109,0.162026644,25.298069,0.007713989,2,21:06.9,,
5.00E-05,0.257542431,0.096714623,0.001274957,0.159552857,23.1966362,0.007707363,2,21:37.9,,
5.00E-05,0.251632869,0.093823366,0.001281521,0.156527966,23.90764046,0.007725091,2,22:08.8,,
5.00E-05,0.243496895,0.090610206,0.001331529,0.151555166,23.87251091,0.007711286,2,22:39.7,,
5.00E-05,0.239908546,0.094464622,0.001231685,0.144212246,23.41254425,0.007729214,2,23:10.5,,
5.00E-05,0.240231872,0.089647576,0.001368781,0.149215519,23.98509598,0.007725901,2,23:41.4,,
5.00E-05,0.251474679,0.088214897,0.001249859,0.16200991,24.48560715,0.007703388,2,24:12.3,,
5.00E-05,0.260071397,0.100020215,0.001220364,0.158830822,23.02150536,0.007689948,2,24:43.4,,
5.00E-05,0.243752465,0.092068255,0.001232563,0.150451645,23.32571411,0.007672909,2,25:14.2,,
5.00E-05,0.230883598,0.084373757,0.001244253,0.145265594,24.31020546,0.007663377,2,25:46.9,,
5.00E-05,0.264177799,0.088600032,0.001240512,0.174337238,24.948246,0.007675588,2,26:17.8,,
5.00E-05,0.257734716,0.087487422,0.001204671,0.169042632,24.44929314,0.007673923,2,26:48.8,,
5.00E-05,0.250056803,0.091268219,0.001213326,0.15757525,23.75082207,0.007641959,2,27:19.5,,
5.00E-05,0.245842546,0.08974281,0.001258974,0.154840752,24.23600006,0.007661316,2,27:50.5,,
5.00E-05,0.2429239,0.089379072,0.001191124,0.152353704,24.64665413,0.00766842,2,28:21.4,,
5.00E-05,0.256549746,0.096434899,0.001283126,0.158831716,23.51349068,0.007661031,2,28:52.3,,
5.00E-05,0.247231543,0.092704318,0.001306655,0.153220579,24.09101868,0.007661882,2,29:23.3,,
5.00E-05,0.249970645,0.091012664,0.001268906,0.15768908,23.40036774,0.00766094,2,29:54.2,,
5.00E-05,0.2501086,0.093660913,0.00114343,0.155304268,23.5185585,0.00765059,2,30:25.0,,
5.00E-05,0.25292176,0.090800345,0.001295726,0.160825685,24.54148293,0.007676195,2,30:55.8,,
5.00E-05,0.259790331,0.096732892,0.001269643,0.161787793,22.8408432,0.007670893,2,31:26.8,,
5.00E-05,0.245766252,0.09315788,0.001285607,0.151322767,23.62837601,0.007670264,2,31:57.6,,
5.00E-05,0.251840919,0.087204151,0.001216298,0.163420469,24.43091965,0.007672949,2,32:28.5,,
5.00E-05,0.254233599,0.099384375,0.001267451,0.153581783,22.65312576,0.007654465,2,32:59.4,,
5.00E-05,0.249326974,0.095563613,0.001280627,0.152482733,23.09888458,0.007675265,2,33:30.2,,
5.00E-05,0.244909793,0.097201817,0.001200393,0.146507591,23.41357803,0.007665175,2,34:01.1,,
5.00E-05,0.25317046,0.091323085,0.001313703,0.160533682,24.45465088,0.007671241,2,34:32.0,,
5.00E-05,0.239874214,0.085206419,0.001294069,0.153373733,25.22854042,0.00768732,2,35:02.8,,
5.00E-05,0.252839744,0.091877721,0.001305746,0.159656271,23.6952858,0.007663976,2,35:33.7,,
5.00E-05,0.244058222,0.097813986,0.001377596,0.144866645,23.4311409,0.007667872,2,36:04.7,,
5.00E-05,0.240966648,0.092722714,0.001278122,0.146965802,23.41006088,0.00765759,2,36:35.5,,
5.00E-05,0.250367135,0.094969071,0.001384714,0.154013351,23.47129059,0.007674819,2,37:06.4,,
5.00E-05,0.260903835,0.095417142,0.001167062,0.164319649,23.58738327,0.007674951,2,37:45.9,,
5.00E-05,0.250828266,0.093995482,0.001291413,0.15554136,24.31454659,0.007669255,2,38:16.9,,
5.00E-05,0.249021769,0.092523836,0.001291291,0.155206636,23.35896301,0.007665295,2,38:47.8,,
5.00E-05,0.246707976,0.097110949,0.001404931,0.148192093,23.47418976,0.007670059,2,39:18.8,,
5.00E-05,0.244887531,0.088090718,0.001306296,0.155490518,23.49283218,0.00764216,2,39:49.7,,
5.00E-05,0.238895893,0.083891675,0.001240574,0.153763637,25.52487564,0.007622806,2,40:20.7,,
5.00E-05,0.257625669,0.093635969,0.00157085,0.162418857,23.77902985,0.007636853,2,40:51.6,,
5.00E-05,0.254120797,0.093802787,0.001540359,0.158777639,23.15386581,0.007617265,2,41:22.5,,
5.00E-05,0.243915081,0.090212531,0.001245856,0.152456686,24.43247032,0.007598437,2,41:53.4,,
5.00E-05,0.245242879,0.09084738,0.001362319,0.153033182,23.7330246,0.007596365,2,42:24.4,,
5.00E-05,0.270552337,0.10460861,0.001314928,0.164628789,22.08784103,0.007591401,2,42:55.2,,
5.00E-05,0.250234157,0.093539298,0.001257052,0.155437797,23.27233124,0.007588512,2,43:26.2,,
5.00E-05,0.259704053,0.096062817,0.001264778,0.162376449,23.06594849,0.007576457,2,43:57.0,,
5.00E-05,0.256481349,0.092019133,0.001290133,0.163172096,23.74175072,0.007575612,2,44:28.0,,
5.00E-05,0.243190333,0.086918317,0.001196515,0.155075505,24.93089676,0.007585976,2,45:00.8,,
5.00E-05,0.251067519,0.089307398,0.00116879,0.160591334,24.615345,0.007573473,2,45:31.7,,
5.00E-05,0.246894509,0.088333122,0.001175548,0.157385841,24.75720215,0.007561487,2,46:02.6,,
5.00E-05,0.249430299,0.086707868,0.001248459,0.161473975,24.13174629,0.007575298,2,46:33.6,,
5.00E-05,0.249722734,0.089053914,0.001234696,0.159434125,24.00222397,0.007561829,2,47:04.4,,
5.00E-05,0.246355742,0.095473312,0.001290713,0.149591714,22.70745087,0.007571492,2,47:35.4,,
5.00E-05,0.262005448,0.097120851,0.001141928,0.163742661,23.15952492,0.00758802,2,48:06.2,,
5.00E-05,0.255750895,0.092617616,0.001241062,0.161892235,24.10409737,0.007587629,2,48:37.3,,
5.00E-05,0.267713487,0.097260416,0.001242445,0.169210643,23.51320267,0.00760056,2,49:08.2,,
5.00E-05,0.236248702,0.082332484,0.001339193,0.152577028,24.95547485,0.007587636,2,49:39.1,,
5.00E-05,0.258568674,0.08887136,0.001124885,0.168572441,24.40905571,0.007561163,2,50:10.0,,
5.00E-05,0.246447638,0.09638495,0.001130771,0.148931921,23.0921669,0.007576259,2,50:40.9,,
5.00E-05,0.249348909,0.091613024,0.001101282,0.156634599,23.69664001,0.007578123,2,51:11.8,,
5.00E-05,0.248560309,0.093577377,0.001336774,0.153646156,23.10211372,0.007564487,2,51:42.7,,
5.00E-05,0.254825145,0.09291438,0.001248944,0.160661831,23.85268021,0.007570282,2,52:13.5,,
5.00E-05,0.249205843,0.087946914,0.001250559,0.160008371,24.15488052,0.00756912,2,52:44.4,,
5.00E-05,0.238166764,0.086937077,0.00121241,0.150017276,24.70298576,0.007541858,2,53:15.2,,
5.00E-05,0.257827073,0.094460838,0.00125334,0.162112892,23.42919159,0.007544919,2,53:46.1,,
5.00E-05,0.234557241,0.088290468,0.001237724,0.145029053,24.40887833,0.007533218,2,54:16.9,,
5.00E-05,0.246079594,0.088590004,0.001214355,0.156275228,24.07506752,0.007548043,2,54:47.8,,
5.00E-05,0.246104419,0.093821153,0.001343308,0.150939956,23.1078434,0.007548784,2,55:18.6,,
5.00E-05,0.249677807,0.090892442,0.0013219,0.157463476,23.96669006,0.00755567,2,55:49.5,,
5.00E-05,0.255685985,0.094688244,0.00129974,0.159698009,24.15776443,0.007551726,2,56:20.4,,
5.00E-05,0.251949131,0.090714216,0.001154674,0.160080224,23.81868744,0.007557648,2,56:51.3,,
5.00E-05,0.245174825,0.089203946,0.001173455,0.15479742,24.39421654,0.007546808,2,57:22.2,,
5.00E-05,0.248083293,0.09761405,0.001271686,0.149197564,22.90932083,0.007559306,2,57:53.1,,
5.00E-05,0.24256891,0.087963164,0.001188985,0.153416768,24.59259224,0.007566172,2,58:23.9,,
,,,,,,,2,58:46.3,0.862335086,15.45767307
5.00E-05,0.233640596,0.086962819,0.00109936,0.145578414,24.90269852,0.007552875,2,59:16.9,,
5.00E-05,0.239687026,0.083076254,0.001204794,0.155405983,24.4358902,0.007535618,2,59:47.7,,
5.00E-05,0.258812785,0.099477388,0.0011884,0.158147007,22.85361099,0.007524573,2,00:18.6,,
5.00E-05,0.248513624,0.086388037,0.001075086,0.161050498,24.36901474,0.007510195,2,00:49.4,,
5.00E-05,0.242875963,0.093736149,0.001163083,0.147976726,23.71692657,0.007516884,2,01:20.3,,
5.00E-05,0.243766204,0.087419815,0.001159873,0.155186519,25.00971603,0.007487643,2,01:51.3,,
5.00E-05,0.247934982,0.092855901,0.001187608,0.153891474,23.6093998,0.00747945,2,02:22.1,,
5.00E-05,0.245683342,0.088565029,0.001280179,0.155838132,24.23262405,0.007503415,2,02:53.0,,
5.00E-05,0.251150846,0.094947368,0.001270891,0.154932588,23.31315231,0.007471483,2,03:23.9,,
5.00E-05,0.252985835,0.092308246,0.001268983,0.159408599,24.21457672,0.00747299,2,03:56.7,,
5.00E-05,0.254232347,0.090147719,0.001136341,0.162948295,23.73083878,0.007487329,2,04:27.7,,
5.00E-05,0.238434553,0.088075399,0.001151501,0.149207652,24.39116478,0.007488328,2,04:58.4,,
5.00E-05,0.245379612,0.091323264,0.001233449,0.152822897,24.31464767,0.007480491,2,05:29.2,,
5.00E-05,0.247770965,0.086882904,0.001322874,0.159565181,24.53886223,0.007489375,2,06:00.0,,
5.00E-05,0.250274718,0.091080606,0.001186598,0.158007503,23.28015518,0.007490407,2,06:31.1,,
5.00E-05,0.253149807,0.092602633,0.001188535,0.15935865,23.74050903,0.007493547,2,07:01.9,,
5.00E-05,0.255090207,0.089965053,0.001242353,0.163882807,24.13583374,0.007462902,2,07:32.7,,
5.00E-05,0.236833304,0.091523059,0.00118564,0.144124612,23.72621727,0.007453118,2,08:03.6,,
5.00E-05,0.251112998,0.091708876,0.00134695,0.158057153,23.86274338,0.007473026,2,08:34.6,,
5.00E-05,0.249617636,0.089306124,0.00127614,0.15903537,24.26531982,0.007469417,2,09:05.4,,
5.00E-05,0.257387429,0.09306965,0.001149855,0.163167924,23.8597908,0.007472848,2,09:36.3,,
5.00E-05,0.246469215,0.088133045,0.0011596,0.157176569,24.04326248,0.007477492,2,10:07.2,,
5.00E-05,0.259857178,0.095391117,0.001121845,0.163344204,23.6429863,0.007485265,2,10:38.2,,
5.00E-05,0.250201941,0.093845844,0.001270591,0.155085489,24.02565765,0.00748316,2,11:09.0,,
5.00E-05,0.259206742,0.091794506,0.001171256,0.166240975,24.14786339,0.007486539,2,11:39.9,,
5.00E-05,0.248941988,0.082111053,0.001272795,0.165558144,25.26558113,0.007527968,2,12:10.6,,
5.00E-05,0.251780331,0.094475098,0.001242437,0.156062797,24.15501022,0.007517457,2,12:41.5,,
5.00E-05,0.249224156,0.091317527,0.001127538,0.156779096,23.98060036,0.007487097,2,13:12.4,,
5.00E-05,0.244931668,0.090057209,0.001118883,0.153755575,24.02342987,0.007463186,2,13:43.3,,
5.00E-05,0.240339428,0.090391599,0.001111533,0.1488363,23.5435791,0.007462326,2,14:14.1,,
5.00E-05,0.238070458,0.0843665,0.001117994,0.152585968,25.04012871,0.007459295,2,14:44.9,,
5.00E-05,0.252760917,0.092116632,0.001257416,0.159386873,23.87421608,0.007452099,2,15:15.8,,
5.00E-05,0.258936882,0.089843445,0.001236075,0.167857379,23.94160461,0.00746399,2,15:46.6,,
5.00E-05,0.24833104,0.088320218,0.001178997,0.15883182,24.36706924,0.007460525,2,16:17.5,,
5.00E-05,0.235652268,0.087809406,0.001145198,0.146697655,24.12254333,0.00745741,2,16:48.4,,
5.00E-05,0.235458031,0.090893805,0.001231388,0.143332839,23.9391861,0.007465732,2,17:19.4,,
5.00E-05,0.256693274,0.090502754,0.001325109,0.164865404,24.26744843,0.007443888,2,17:50.4,,
5.00E-05,0.250297636,0.091114439,0.001122902,0.158060297,23.56146049,0.007430564,2,18:21.3,,
5.00E-05,0.246096522,0.08667466,0.001208911,0.158212945,24.09173965,0.007420265,2,18:52.4,,
5.00E-05,0.245955661,0.088562749,0.001089116,0.156303793,23.89529037,0.007410781,2,19:23.3,,
5.00E-05,0.237253159,0.084142536,0.001140657,0.151969969,24.76429939,0.007402075,2,19:54.6,,
5.00E-05,0.249308437,0.094607256,0.001203331,0.15349786,23.41073227,0.007414326,2,20:25.5,,
5.00E-05,0.244624853,0.089824483,0.001266771,0.153533608,24.2957859,0.007416677,2,20:56.4,,
5.00E-05,0.251351982,0.093632586,0.001147479,0.15657191,23.845644,0.00742756,2,21:27.3,,
5.00E-05,0.233188644,0.089903168,0.001160136,0.142125338,24.44868469,0.00741539,2,21:58.2,,
5.00E-05,0.251961321,0.094756372,0.001089594,0.156115353,23.76182365,0.007418739,2,22:31.0,,
5.00E-05,0.236644179,0.083909288,0.001145695,0.151589185,24.97983742,0.007415914,2,23:01.9,,
5.00E-05,0.251157224,0.095284417,0.001174199,0.154698625,23.02418709,0.007433332,2,23:32.8,,
5.00E-05,0.244336218,0.092650436,0.001167858,0.150517926,23.27262115,0.007446235,2,24:03.7,,
5.00E-05,0.262991846,0.089807592,0.001114454,0.172069788,23.60362816,0.007440683,2,24:34.6,,
5.00E-05,0.23522082,0.088918053,0.001133886,0.145168871,24.12264252,0.007443178,2,25:05.5,,
5.00E-05,0.244857073,0.087010548,0.001069815,0.156776711,24.43160057,0.007448703,2,25:36.2,,
5.00E-05,0.240497708,0.086393602,0.001053154,0.153050944,24.55783081,0.007466212,2,26:07.2,,
5.00E-05,0.242737845,0.091360398,0.001132215,0.150245234,23.54662704,0.007440492,2,26:38.0,,
5.00E-05,0.250677586,0.093568794,0.00120327,0.15590553,23.75097466,0.007457562,2,27:08.9,,
5.00E-05,0.250065565,0.089619726,0.001196127,0.159249693,24.73808479,0.007454558,2,27:39.8,,
5.00E-05,0.243501186,0.090326108,0.001188516,0.151986569,24.06303024,0.007459042,2,28:10.7,,
5.00E-05,0.25804764,0.099060841,0.001240856,0.157745928,22.74568176,0.007507689,2,28:41.5,,
5.00E-05,0.256311774,0.089698903,0.00120761,0.165405259,24.34577751,0.007514046,2,29:12.5,,
5.00E-05,0.248370349,0.095142953,0.001195749,0.152031645,23.76109123,0.007520903,2,29:52.7,,
5.00E-05,0.250598013,0.09138225,0.001187784,0.158027962,23.75593948,0.007569398,2,30:23.6,,
5.00E-05,0.250061065,0.091410287,0.00136312,0.157287657,24.033741,0.00758467,2,30:54.4,,
5.00E-05,0.271748364,0.096601538,0.00127696,0.173869878,23.69060898,0.007601999,2,31:25.4,,
5.00E-05,0.251167119,0.096121721,0.001264783,0.153780609,22.63326263,0.007595778,2,31:56.2,,
5.00E-05,0.245759517,0.087188385,0.001197426,0.157373697,24.99908257,0.007591733,2,32:27.1,,
5.00E-05,0.247612998,0.092851929,0.001303038,0.153458029,23.96478271,0.007576513,2,32:58.0,,
5.00E-05,0.232132226,0.087453775,0.001294848,0.143383607,24.02765274,0.007561472,2,33:28.9,,
5.00E-05,0.262241989,0.096706912,0.001233441,0.164301634,22.76845169,0.007572087,2,33:59.7,,
5.00E-05,0.2532897,0.092697427,0.001300181,0.159292087,24.17346764,0.007601191,2,34:30.6,,
5.00E-05,0.261423826,0.094246365,0.001360593,0.165816858,23.669384,0.007605031,2,35:01.4,,
5.00E-05,0.245564669,0.09126237,0.001198837,0.153103456,23.76906967,0.007619775,2,35:32.4,,
5.00E-05,0.249022216,0.089185193,0.001299461,0.158537552,24.49603081,0.007620189,2,36:03.3,,
5.00E-05,0.246407062,0.093691647,0.001287244,0.151428178,23.11314583,0.007628991,2,36:34.2,,
5.00E-05,0.253414035,0.093496822,0.001247548,0.15866968,23.27013016,0.007618838,2,37:05.1,,
5.00E-05,0.248692676,0.088054888,0.00119706,0.159440726,23.7004509,0.007607301,2,37:36.1,,
5.00E-05,0.27122435,0.09643393,0.001204869,0.173585549,22.87540817,0.007615275,2,38:07.0,,
5.00E-05,0.251584381,0.095442496,0.001289516,0.154852375,22.5147438,0.007588676,2,38:38.0,,
5.00E-05,0.247282565,0.085587777,0.001168564,0.160526231,24.48597717,0.007572962,2,39:09.0,,
5.00E-05,0.260347217,0.097319871,0.001190382,0.161836967,23.12680817,0.00757792,2,39:40.0,,
5.00E-05,0.23370567,0.085275568,0.001137736,0.147292376,24.81923866,0.007568764,2,40:10.8,,
5.00E-05,0.242505521,0.083287701,0.001215319,0.158002511,24.87710953,0.007572773,2,40:42.1,,
5.00E-05,0.249623865,0.095018417,0.001175133,0.153430313,23.21932793,0.007562793,2,41:14.8,,
5.00E-05,0.231324852,0.085203089,0.001341519,0.144780248,25.19404602,0.007541852,2,41:45.7,,
5.00E-05,0.254893631,0.089984402,0.001146859,0.163762376,23.91878319,0.00753772,2,42:16.6,,
5.00E-05,0.247220844,0.091802433,0.001167623,0.154250786,23.55390358,0.007534282,2,42:47.5,,
5.00E-05,0.238194242,0.087012976,0.001215074,0.149966195,24.19538116,0.007541567,2,43:18.4,,
5.00E-05,0.242879719,0.088975519,0.001209134,0.152695075,24.87059402,0.007533588,2,43:49.3,,
5.00E-05,0.257019192,0.091569461,0.001229973,0.164219752,24.04584694,0.007536948,2,44:20.1,,
5.00E-05,0.247024894,0.092830725,0.001216489,0.152977675,24.35120773,0.00753694,2,44:51.1,,
5.00E-05,0.247798026,0.093862966,0.001258561,0.152676508,23.45314026,0.007524745,2,45:22.0,,
5.00E-05,0.245752946,0.093362302,0.001222075,0.15116857,23.8909111,0.007519925,2,45:52.9,,
5.00E-05,0.24392657,0.087702289,0.001298514,0.154925764,24.73123741,0.007526967,2,46:23.8,,
5.00E-05,0.256584227,0.094672523,0.001340963,0.160570741,23.97674179,0.007520344,2,46:54.7,,
5.00E-05,0.260189801,0.095884837,0.00115827,0.163146704,23.27235413,0.007522941,2,47:25.5,,
5.00E-05,0.24897483,0.093909703,0.00112596,0.153939158,23.83784485,0.007530643,2,47:56.5,,
5.00E-05,0.24358584,0.095180959,0.001143483,0.147261396,23.36385345,0.007545161,2,48:27.3,,
5.00E-05,0.241638288,0.085022099,0.001152999,0.155463189,24.93045044,0.007541197,2,48:58.3,,
5.00E-05,0.249556959,0.090372346,0.001190137,0.157994464,23.87729645,0.007505806,2,49:29.0,,
5.00E-05,0.250079066,0.096039504,0.001138008,0.152901545,23.0321846,0.007517491,2,50:00.5,,
5.00E-05,0.238603339,0.083006069,0.001461682,0.154135585,24.94978142,0.007503025,2,50:31.3,,
5.00E-05,0.247355148,0.091836981,0.001208819,0.154309347,23.31316757,0.00751006,2,51:02.2,,
5.00E-05,0.246832311,0.095450185,0.001211526,0.150170594,23.72822762,0.007519297,2,51:33.1,,
5.00E-05,0.240192905,0.089167632,0.001331873,0.1496934,24.24794388,0.007506754,2,52:04.1,,
5.00E-05,0.251711994,0.091343828,0.001344579,0.159023583,24.13576889,0.00753013,2,52:34.9,,
5.00E-05,0.235195309,0.0919277,0.001145659,0.142121941,23.2704258,0.00753449,2,53:05.9,,
5.00E-05,0.254681021,0.091500111,0.001404423,0.161776483,23.40408134,0.007547464,2,53:36.8,,
5.00E-05,0.246388674,0.0922748,0.001222321,0.152891561,24.01424026,0.007551337,2,54:07.7,,
5.00E-05,0.255863011,0.09499944,0.001130222,0.159733355,23.86014175,0.007547183,2,54:38.5,,
5.00E-05,0.261480093,0.093180053,0.001130414,0.167169616,23.9894371,0.007570192,2,55:09.4,,
5.00E-05,0.254415214,0.089875497,0.0013856,0.16315411,24.54440689,0.007562133,2,55:40.2,,
5.00E-05,0.249325812,0.092369385,0.001116977,0.155839458,23.84220886,0.007582251,2,56:11.0,,
5.00E-05,0.247695774,0.090561643,0.001138346,0.155995786,24.16965866,0.007579544,2,56:41.8,,
5.00E-05,0.254971862,0.087746464,0.001113663,0.166111723,24.50131989,0.00758841,2,57:12.6,,
5.00E-05,0.251031607,0.093826994,0.001217417,0.155987203,23.70655251,0.007588197,2,57:43.5,,
5.00E-05,0.24911809,0.092496656,0.001280888,0.155340537,23.6487999,0.007579269,2,58:14.4,,
5.00E-05,0.244229347,0.090054899,0.001282489,0.152891964,24.34689522,0.007573507,2,58:45.3,,
5.00E-05,0.261423171,0.09535487,0.001244686,0.164823607,23.79642296,0.007590799,2,59:16.3,,
5.00E-05,0.270026445,0.100972921,0.001280837,0.167772681,22.98119736,0.007568994,2,59:49.1,,
5.00E-05,0.243828058,0.087105051,0.001230904,0.155492112,24.17122078,0.007560377,2,00:19.9,,
5.00E-05,0.252928376,0.09268558,0.001388086,0.158854708,23.8584938,0.007544588,2,00:50.8,,
5.00E-05,0.242633998,0.086099096,0.001265835,0.155269071,24.89443588,0.007564553,2,01:22.2,,
5.00E-05,0.237945199,0.086433679,0.001214019,0.150297493,24.4397049,0.007555004,2,01:53.0,,
5.00E-05,0.22738643,0.085444972,0.001241746,0.140699714,25.03597069,0.00753927,2,02:24.0,,
5.00E-05,0.254332989,0.099507511,0.001272306,0.153553173,22.35753632,0.007525725,2,02:54.8,,
5.00E-05,0.265160739,0.09591879,0.001194217,0.168047741,23.0187149,0.007505863,2,03:25.7,,
5.00E-05,0.256567985,0.089394011,0.001205222,0.165968746,24.09658623,0.007506451,2,03:56.5,,
5.00E-05,0.24478054,0.085206255,0.001107343,0.15846695,24.55637932,0.007523888,2,04:27.5,,
5.00E-05,0.2464495,0.087415285,0.001119596,0.157914609,24.54977036,0.007512079,2,04:58.3,,
5.00E-05,0.240928322,0.094487406,0.001212651,0.145228267,23.94856453,0.007509758,2,05:29.3,,
5.00E-05,0.250911415,0.089709677,0.001320758,0.159880996,24.04219818,0.007532745,2,06:00.1,,
5.00E-05,0.249605432,0.08973635,0.001257933,0.158611149,24.38651848,0.007527121,2,06:31.0,,
5.00E-05,0.247096211,0.094147041,0.001336593,0.151612565,23.61225128,0.00752542,2,07:01.9,,
5.00E-05,0.250905573,0.089647688,0.001235509,0.160022363,24.20719528,0.007521008,2,07:32.9,,
5.00E-05,0.252092451,0.094544329,0.001418424,0.156129703,23.22183609,0.007514393,2,08:03.7,,
5.00E-05,0.247886449,0.09074726,0.001271113,0.155868083,24.05982971,0.007512846,2,08:34.5,,
5.00E-05,0.255937994,0.093368649,0.001127451,0.161441892,23.63995552,0.007530449,2,09:05.4,,
5.00E-05,0.237873331,0.084977359,0.001210777,0.151685193,25.15307236,0.007513007,2,09:36.3,,
5.00E-05,0.267909884,0.098585851,0.001109811,0.168214232,22.74303818,0.007513004,2,10:07.1,,
5.00E-05,0.24875322,0.087599725,0.001174224,0.159979269,24.70252991,0.007490729,2,10:38.1,,
5.00E-05,0.246152043,0.09320049,0.001189198,0.151762351,23.72312164,0.007472288,2,11:08.9,,
5.00E-05,0.254662216,0.086524837,0.001203614,0.166933775,23.77432632,0.007471839,2,11:39.8,,
5.00E-05,0.239455625,0.086481057,0.001191535,0.151783034,24.1536026,0.007477737,2,12:10.5,,
5.00E-05,0.252474785,0.094228543,0.00125864,0.156987593,23.55502129,0.007479556,2,12:41.5,,
5.00E-05,0.247292817,0.090947494,0.001181954,0.155163363,23.24055481,0.007486968,2,13:12.5,,
5.00E-05,0.245577246,0.092951886,0.001145062,0.151480302,23.89122009,0.00747567,2,13:43.4,,
5.00E-05,0.238895059,0.085426874,0.0011444,0.152323782,25.26952934,0.007488011,2,14:14.3,,
5.00E-05,0.25220862,0.09509138,0.0011495,0.155967742,23.00626945,0.007470685,2,14:45.2,,
5.00E-05,0.25930956,0.097348064,0.001305756,0.160655737,23.54256821,0.007493372,2,15:16.2,,
5.00E-05,0.233933866,0.080267146,0.001272552,0.152394161,25.25557709,0.007493326,2,15:47.1,,
5.00E-05,0.246910557,0.08594802,0.001173617,0.159788921,24.57746887,0.007466504,2,16:18.1,,
5.00E-05,0.246012032,0.090175577,0.001184286,0.154652178,23.62374115,0.007454779,2,16:49.1,,
5.00E-05,0.258598834,0.092598163,0.001196682,0.164803982,24.6039238,0.00744184,2,17:20.0,,
5.00E-05,0.236155212,0.085602902,0.001208397,0.149343923,24.85840607,0.007423406,2,17:50.9,,
5.00E-05,0.241247147,0.084743954,0.001129745,0.155373454,24.88683891,0.007408792,2,18:21.8,,
5.00E-05,0.261213392,0.090362906,0.001175532,0.169674963,24.3652916,0.007424331,2,18:54.7,,
5.00E-05,0.244853914,0.091587856,0.001219432,0.152046621,24.02726364,0.007421676,2,19:25.6,,
5.00E-05,0.268439323,0.096239537,0.001075401,0.171124384,23.35616112,0.007407036,2,19:56.6,,
5.00E-05,0.240148574,0.088499747,0.001189485,0.150459334,24.28539085,0.007435835,2,20:27.5,,
5.00E-05,0.249304593,0.098943904,0.00118216,0.149178535,23.51980209,0.007442142,2,20:58.4,,
5.00E-05,0.253105521,0.089524165,0.001159087,0.16242227,24.34244919,0.007448201,2,21:38.0,,
5.00E-05,0.251460135,0.092343524,0.00126893,0.157847673,23.77324867,0.007453321,2,22:09.0,,
5.00E-05,0.243085355,0.090148196,0.001218564,0.151718602,23.82947731,0.007469221,2,22:39.9,,
5.00E-05,0.244299889,0.091705851,0.001298375,0.151295662,22.93982697,0.007451029,2,23:10.9,,
5.00E-05,0.263614208,0.099541903,0.00123261,0.162839696,22.87870598,0.007457349,2,23:41.7,,
5.00E-05,0.247145474,0.09734451,0.001304764,0.148496211,23.43144608,0.007453496,2,24:12.5,,
5.00E-05,0.25338918,0.091262765,0.00129063,0.160835788,23.55412483,0.007457911,2,24:43.5,,
5.00E-05,0.245622754,0.085978478,0.001319324,0.158324957,24.74094772,0.007454491,2,25:14.5,,
5.00E-05,0.25400722,0.088359036,0.001363977,0.164284214,24.36654663,0.007450812,2,25:45.4,,
5.00E-05,0.233175606,0.086746171,0.001404773,0.145024672,24.37387466,0.007442323,2,26:16.3,,
5.00E-05,0.229398251,0.084224127,0.001255971,0.143918142,24.40246964,0.007435845,2,26:47.2,,
5.00E-05,0.243556663,0.087100282,0.001304996,0.155151382,24.58233643,0.007433602,2,27:18.2,,
5.00E-05,0.235845432,0.081277668,0.001159356,0.153408408,25.31785774,0.00741504,2,27:49.1,,
5.00E-05,0.24776721,0.088194586,0.00131427,0.158258364,24.56159782,0.007432595,2,28:20.1,,
5.00E-05,0.242209464,0.086472817,0.001271993,0.154464662,24.70863152,0.007413604,2,28:51.0,,
5.00E-05,0.256015956,0.094256595,0.001171515,0.160587847,23.25731468,0.007399598,2,29:21.9,,
5.00E-05,0.236449361,0.091719709,0.001202313,0.143527329,23.63669968,0.007397661,2,29:52.7,,
5.00E-05,0.242710203,0.082993187,0.001261821,0.158455193,25.14223099,0.007392583,2,30:23.6,,
5.00E-05,0.240452588,0.086238235,0.001268377,0.152945966,24.85660934,0.007392333,2,30:54.5,,
5.00E-05,0.251985461,0.08983437,0.001133844,0.161017254,24.31278038,0.007388876,2,31:25.5,,
5.00E-05,0.269244671,0.095475085,0.001194948,0.172574654,23.56162643,0.007380502,2,31:56.3,,
5.00E-05,0.255603135,0.091179878,0.00129987,0.163123399,23.29910278,0.007384053,2,32:27.3,,
5.00E-05,0.252257824,0.087931454,0.00132976,0.162996605,23.94822311,0.007366558,2,32:58.2,,
5.00E-05,0.245276257,0.09135513,0.00115718,0.152763948,23.83820724,0.007354388,2,33:29.2,,
5.00E-05,0.248821497,0.094142161,0.001161876,0.15351747,24.12641525,0.007351234,2,34:00.0,,
5.00E-05,0.242880628,0.093058676,0.001260248,0.148561701,24.94103432,0.007352941,2,34:30.8,,
5.00E-05,0.254473209,0.090361692,0.001178179,0.162933335,24.07653999,0.007345218,2,35:01.8,,
5.00E-05,0.250788093,0.095181696,0.001167038,0.154439375,23.36838531,0.007340221,2,35:32.7,,
5.00E-05,0.256385505,0.091539122,0.001257945,0.16358842,22.39729309,0.007340847,2,36:03.8,,
5.00E-05,0.246604443,0.087250687,0.001228662,0.158125088,24.21184731,0.00730682,2,36:34.6,,
5.00E-05,0.245472476,0.089691706,0.001206691,0.154574081,24.28949165,0.007313491,2,37:05.5,,
5.00E-05,0.239535481,0.089270733,0.001292845,0.1489719,24.30219269,0.00730187,2,37:36.5,,
5.00E-05,0.251782835,0.094408683,0.001245765,0.156128392,23.64472198,0.007294144,2,38:09.2,,
5.00E-05,0.244637311,0.087375097,0.001128465,0.156133756,24.62524414,0.007302069,2,38:40.2,,
5.00E-05,0.239787266,0.083513185,0.001242605,0.155031472,25.20064163,0.007310161,2,39:11.0,,
5.00E-05,0.252736151,0.08739654,0.001153584,0.164186031,24.52084541,0.00727743,2,39:41.9,,
5.00E-05,0.249859154,0.088865995,0.001177094,0.159816071,24.76621819,0.007304806,2,40:12.6,,
5.00E-05,0.243622333,0.085105382,0.00116219,0.157354757,24.92020416,0.007316059,2,40:43.5,,
5.00E-05,0.234180659,0.082248509,0.001133942,0.150798202,25.24692917,0.007321684,2,41:14.5,,
5.00E-05,0.232232571,0.093275845,0.001189403,0.13776733,23.92002487,0.007308799,2,41:45.3,,
5.00E-05,0.259381056,0.094703913,0.001212795,0.163464352,23.24467087,0.007299614,2,42:16.2,,
,,,,,,,2,42:38.4,0.860852182,15.41632462
5.00E-05,0.243103698,0.088371322,0.001231295,0.153501078,24.35011864,0.007301331,2,43:09.0,,
5.00E-05,0.257630676,0.090411119,0.001315708,0.165903851,24.19544601,0.007302594,2,43:39.8,,
5.00E-05,0.260818899,0.092824519,0.001195256,0.166799113,23.40796661,0.007286465,2,44:10.8,,
5.00E-05,0.239602074,0.087164916,0.001251422,0.151185736,24.55076599,0.007311845,2,44:41.5,,
5.00E-05,0.258935422,0.095699452,0.00122826,0.162007704,23.17156219,0.007324181,2,45:12.4,,
5.00E-05,0.24855721,0.085971609,0.00114508,0.161440521,24.53913498,0.00728395,2,45:43.2,,
5.00E-05,0.243436068,0.086666465,0.001218989,0.155550614,24.67848015,0.007285433,2,46:14.1,,
5.00E-05,0.252231181,0.088515401,0.001189538,0.16252625,24.06694412,0.007277764,2,46:44.8,,
5.00E-05,0.242616579,0.091179296,0.001283003,0.150154278,23.12589645,0.007265537,2,47:15.8,,
5.00E-05,0.264861763,0.099697918,0.001235818,0.163928017,22.4661541,0.007241514,2,47:46.6,,
5.00E-05,0.251993448,0.093502969,0.001165451,0.157325029,23.56030273,0.007247592,2,48:17.5,,
5.00E-05,0.261480272,0.0844969,0.001219256,0.175764129,24.79137611,0.007257425,2,48:48.4,,
5.00E-05,0.249433964,0.094636552,0.001172388,0.153625026,22.87867737,0.007264165,2,49:19.3,,
5.00E-05,0.252632052,0.093293987,0.00130108,0.158036977,23.60971642,0.007257698,2,49:50.2,,
5.00E-05,0.24214156,0.085851513,0.001172058,0.155117989,24.01978493,0.007265863,2,50:21.1,,
5.00E-05,0.237709612,0.09071967,0.001156773,0.145833164,24.13289833,0.00726384,2,50:51.9,,
5.00E-05,0.244889736,0.089863054,0.001338309,0.153688371,23.50774574,0.007240591,2,51:23.0,,
5.00E-05,0.245928347,0.093630731,0.001239849,0.151057765,23.74180031,0.007276285,2,51:54.0,,
5.00E-05,0.245363474,0.093078256,0.001252261,0.151032954,23.53288841,0.007257185,2,52:25.0,,
5.00E-05,0.23795411,0.08768595,0.001097477,0.149170682,24.52646637,0.007235428,2,52:55.8,,
5.00E-05,0.256873369,0.09383969,0.001337006,0.161696687,23.44978333,0.007262822,2,53:26.9,,
5.00E-05,0.242491618,0.086913556,0.001247257,0.154330805,24.76240158,0.007278266,2,53:57.7,,
5.00E-05,0.248066038,0.091191307,0.001258174,0.155616567,24.30262375,0.007276354,2,54:28.8,,
5.00E-05,0.25084722,0.086898595,0.001214724,0.162733898,24.2958374,0.007251434,2,54:59.7,,
5.00E-05,0.269100934,0.101318605,0.001239108,0.16654323,23.13015175,0.007257116,2,55:30.6,,
5.00E-05,0.259794414,0.095846966,0.001182495,0.162764966,23.24403381,0.007246252,2,56:01.6,,
5.00E-05,0.247343943,0.091419756,0.001103536,0.154820651,23.93272781,0.007248723,2,56:32.6,,
5.00E-05,0.242851198,0.090571128,0.001181962,0.151098117,22.96930122,0.00724505,2,57:05.4,,
5.00E-05,0.256738842,0.090481944,0.001150565,0.165106326,23.23724556,0.007272081,2,57:36.4,,
5.00E-05,0.256182462,0.090095013,0.00121925,0.164868191,24.68505096,0.007265032,2,58:07.3,,
5.00E-05,0.233551249,0.085267119,0.0011865,0.147097632,25.03648376,0.007264266,2,58:38.4,,
5.00E-05,0.246816069,0.093262538,0.001172746,0.152380794,23.35778046,0.00727022,2,59:09.4,,
5.00E-05,0.238100469,0.086401425,0.001267534,0.150431499,24.73168182,0.007253937,2,59:40.3,,
5.00E-05,0.252562553,0.088160358,0.001174708,0.163227484,24.29551697,0.007267547,2,00:11.2,,
5.00E-05,0.231064498,0.087014087,0.001160857,0.142889559,24.60121536,0.00723163,2,00:42.3,,
5.00E-05,0.25114584,0.091585681,0.001275692,0.158284485,24.00827408,0.007254968,2,01:13.2,,
5.00E-05,0.232546508,0.089514591,0.001184809,0.141847104,24.6851387,0.007241095,2,01:44.1,,
5.00E-05,0.246759266,0.084695578,0.001178079,0.160885617,25.04955482,0.007254577,2,02:15.1,,
5.00E-05,0.253467917,0.089654036,0.001129485,0.162684411,24.16570663,0.007253284,2,02:46.0,,
5.00E-05,0.248494953,0.086677641,0.001296544,0.160520762,23.97709274,0.007218212,2,03:16.9,,
5.00E-05,0.258959889,0.091799088,0.001224869,0.165935934,23.67135239,0.007209691,2,03:48.1,,
5.00E-05,0.229394913,0.082027785,0.001227831,0.146139294,25.26107025,0.007237233,2,04:19.0,,
5.00E-05,0.246943891,0.085952654,0.001211559,0.159779683,24.44205856,0.007254273,2,04:49.9,,
5.00E-05,0.253802419,0.090905443,0.00116916,0.161727801,24.15802765,0.007248685,2,05:20.8,,
5.00E-05,0.257700861,0.097915016,0.001301135,0.158484697,23.00575066,0.007243171,2,05:51.8,,
5.00E-05,0.263771653,0.094725221,0.001200377,0.167846039,23.55335999,0.007217378,2,06:22.7,,
5.00E-05,0.256413609,0.091347285,0.001169663,0.163896665,23.45723152,0.007253153,2,06:53.7,,
5.00E-05,0.244033471,0.090678655,0.001266713,0.152088106,23.73984146,0.007246719,2,07:24.6,,
5.00E-05,0.246034235,0.08569143,0.001207949,0.15913485,24.11798859,0.007256968,2,07:55.4,,
5.00E-05,0.24184978,0.086478792,0.00121671,0.154154286,24.58900642,0.007269172,2,08:26.3,,
5.00E-05,0.248619735,0.088654883,0.001132787,0.158832073,23.83009148,0.007274075,2,08:57.2,,
5.00E-05,0.245234609,0.093769826,0.00115144,0.150313333,22.82223701,0.007279415,2,09:28.1,,
5.00E-05,0.243913829,0.092153557,0.001245125,0.150515139,23.68526649,0.007262687,2,09:59.0,,
5.00E-05,0.247534633,0.088129602,0.001258462,0.158146575,24.62616158,0.00725363,2,10:29.9,,
5.00E-05,0.241253465,0.093179643,0.001117171,0.146956652,22.9211235,0.007263272,2,11:00.8,,
5.00E-05,0.242887333,0.090955503,0.001422848,0.150508985,24.33421898,0.007267335,2,11:31.8,,
5.00E-05,0.24652791,0.088056423,0.001227935,0.15724355,24.19410515,0.007272518,2,12:02.6,,
5.00E-05,0.252419978,0.081058525,0.001151605,0.17020984,24.88438606,0.007266857,2,12:33.4,,
5.00E-05,0.253468484,0.08985687,0.001146394,0.16246523,24.05125618,0.007270254,2,13:04.4,,
5.00E-05,0.236370564,0.088014364,0.001203841,0.147152349,24.177351,0.007271159,2,13:44.4,,
5.00E-05,0.256147593,0.089724965,0.001118822,0.165303811,23.64022446,0.007259446,2,14:15.3,,
5.00E-05,0.238424361,0.088990211,0.001164267,0.148269877,24.34632111,0.007285632,2,14:46.0,,
5.00E-05,0.239940122,0.083984904,0.001157054,0.154798165,24.5587368,0.007241914,2,15:16.9,,
5.00E-05,0.24573411,0.085433379,0.001181467,0.159119263,25.00295448,0.007231671,2,15:47.8,,
5.00E-05,0.251212627,0.090997934,0.001238832,0.158975855,23.5538578,0.007226164,2,16:20.7,,
5.00E-05,0.239222348,0.089197606,0.001232753,0.148791999,23.8498497,0.007224288,2,16:51.5,,
5.00E-05,0.240381151,0.085093267,0.001234621,0.154053256,24.96919823,0.007201489,2,17:22.3,,
5.00E-05,0.244494081,0.087997481,0.001310236,0.15518637,23.92644501,0.007188983,2,17:53.2,,
5.00E-05,0.257245243,0.092878282,0.001273187,0.16309379,23.4800415,0.007203464,2,18:24.2,,
5.00E-05,0.24432005,0.087150641,0.001251141,0.15591827,24.50165176,0.007185261,2,18:54.9,,
5.00E-05,0.25119257,0.098099954,0.00111647,0.151976153,22.96719551,0.007181713,2,19:25.9,,
5.00E-05,0.242016345,0.089967698,0.001225473,0.150823176,23.71710205,0.007182754,2,19:56.8,,
5.00E-05,0.255838901,0.088656768,0.001258887,0.165923238,24.31419563,0.007185567,2,20:27.7,,
5.00E-05,0.249655932,0.090814672,0.00121808,0.157623187,23.95939064,0.007183487,2,20:58.6,,
5.00E-05,0.245946437,0.090888225,0.001229361,0.153828844,23.8484993,0.007203485,2,21:29.6,,
5.00E-05,0.245770872,0.095225856,0.001254286,0.149290726,23.36415291,0.007190133,2,22:00.4,,
5.00E-05,0.246868402,0.085259072,0.001197787,0.160411552,24.83737946,0.007176948,2,22:31.3,,
5.00E-05,0.264164209,0.092043713,0.001139258,0.170981228,23.59409714,0.007172904,2,23:02.2,,
5.00E-05,0.253726184,0.092464939,0.001285145,0.15997611,23.0810585,0.007160332,2,23:33.3,,
5.00E-05,0.248797685,0.092312396,0.001212485,0.155272812,23.6949234,0.007144101,2,24:04.2,,
5.00E-05,0.250563979,0.088958144,0.001161561,0.160444289,23.72559357,0.007180634,2,24:35.6,,
5.00E-05,0.246102422,0.087110989,0.001188385,0.157803044,24.98208237,0.007157478,2,25:06.5,,
5.00E-05,0.246062905,0.093361191,0.001338342,0.151363373,23.11440468,0.00715616,2,25:37.4,,
5.00E-05,0.251629114,0.090468384,0.001280522,0.159880206,23.97929001,0.007153724,2,26:08.3,,
5.00E-05,0.249383613,0.088662528,0.001209845,0.159511238,24.58466721,0.007140165,2,26:39.3,,
5.00E-05,0.258354127,0.095536694,0.00114362,0.161673829,23.27098656,0.007124456,2,27:10.2,,
5.00E-05,0.253140748,0.089146189,0.001279332,0.162715241,23.67713737,0.007136278,2,27:41.2,,
5.00E-05,0.256887197,0.090268798,0.001146386,0.165472031,24.23410225,0.007121694,2,28:12.0,,
5.00E-05,0.243699759,0.09416645,0.001145246,0.148388058,23.30416679,0.007133332,2,28:42.9,,
5.00E-05,0.256529331,0.087686807,0.001348493,0.167494044,24.58199692,0.007127796,2,29:13.8,,
5.00E-05,0.234400868,0.085348122,0.001111726,0.147941023,25.11141968,0.007130216,2,29:44.8,,
5.00E-05,0.256274045,0.096299089,0.001184587,0.15879035,22.82984924,0.00713899,2,30:15.6,,
5.00E-05,0.254937112,0.088410795,0.001170216,0.165356085,23.92943382,0.007152678,2,30:46.6,,
5.00E-05,0.23163414,0.084781058,0.001187122,0.145665959,25.40022087,0.007152433,2,31:17.5,,
5.00E-05,0.255219638,0.095368437,0.001173713,0.158677474,23.66625786,0.00713964,2,31:48.4,,
5.00E-05,0.246289253,0.092888266,0.001213912,0.152187079,23.59730148,0.007152053,2,32:19.3,,
5.00E-05,0.240351394,0.091723882,0.001151898,0.147475615,23.99020767,0.007166207,2,32:50.2,,
5.00E-05,0.23829785,0.085373819,0.001257904,0.151666135,24.63726234,0.007161567,2,33:21.1,,
5.00E-05,0.23121506,0.081614085,0.001086839,0.148514137,24.62542343,0.00714665,2,33:52.1,,
5.00E-05,0.235463262,0.083697006,0.001249067,0.150517195,24.77077103,0.007138572,2,34:23.0,,
5.00E-05,0.257500201,0.093727492,0.00119167,0.162581041,23.16790581,0.007127904,2,34:54.1,,
5.00E-05,0.242583334,0.092144199,0.001234533,0.149204597,23.97886086,0.007111656,2,35:26.9,,
5.00E-05,0.248132154,0.089384489,0.001164861,0.157582805,24.0229454,0.007108825,2,35:57.8,,
5.00E-05,0.242205799,0.089918882,0.001318979,0.150967941,23.8891449,0.007110019,2,36:28.7,,
5.00E-05,0.246317089,0.086175784,0.00110258,0.159038723,24.57725716,0.00710767,2,36:59.7,,
5.00E-05,0.237511083,0.079322197,0.001108075,0.157080814,25.09925461,0.007106744,2,37:30.7,,
5.00E-05,0.252370596,0.091774262,0.001158472,0.159437865,23.58613014,0.007118479,2,38:01.6,,
5.00E-05,0.236866191,0.08505971,0.00117455,0.150631934,24.4274292,0.00712035,2,38:32.5,,
5.00E-05,0.251494646,0.08968509,0.001155585,0.160653964,23.82616806,0.007128167,2,39:03.6,,
5.00E-05,0.238631427,0.086973727,0.001188717,0.15046899,24.56777191,0.0071287,2,39:34.5,,
5.00E-05,0.243623734,0.089516878,0.001208361,0.15289849,24.5954895,0.007125523,2,40:05.4,,
5.00E-05,0.252733171,0.090378061,0.001197246,0.161157846,23.91993523,0.007122221,2,40:36.3,,
5.00E-05,0.244479328,0.086398371,0.00113151,0.156949446,23.68098259,0.007105047,2,41:07.5,,
5.00E-05,0.245849118,0.090240717,0.001042534,0.154565871,24.40158653,0.007120893,2,41:38.5,,
5.00E-05,0.237834707,0.086220533,0.001090006,0.150524169,24.6200676,0.0071109,2,42:09.5,,
5.00E-05,0.237046242,0.09008947,0.00117527,0.145781502,24.43793106,0.007058134,2,42:40.4,,
5.00E-05,0.246200755,0.087962985,0.001219778,0.157017991,24.09131241,0.007080533,2,43:11.3,,
5.00E-05,0.242077544,0.09126965,0.001315768,0.14949213,24.30124664,0.007074401,2,43:42.1,,
5.00E-05,0.24717541,0.083674431,0.001164527,0.162336454,25.24160385,0.007046495,2,44:13.2,,
5.00E-05,0.261862814,0.092236258,0.001156255,0.168470308,23.32722092,0.007051776,2,44:44.0,,
5.00E-05,0.246539593,0.093367673,0.001170075,0.152001843,23.41847229,0.007059615,2,45:15.2,,
5.00E-05,0.243627697,0.084889933,0.00108491,0.157652855,24.40340805,0.007058854,2,45:46.1,,
5.00E-05,0.253405839,0.087624706,0.001201186,0.164579943,24.14731216,0.007058678,2,46:17.1,,
5.00E-05,0.238548592,0.081991315,0.001154738,0.155402541,24.87363815,0.007036889,2,46:48.1,,
5.00E-05,0.261381626,0.091204807,0.001204592,0.168972209,23.54848862,0.007047332,2,47:19.0,,
5.00E-05,0.247619748,0.089347869,0.001136404,0.157135472,24.57749939,0.007039201,2,47:49.8,,
5.00E-05,0.255078226,0.088207699,0.001268098,0.165602431,24.52753448,0.00704376,2,48:20.8,,
5.00E-05,0.244864121,0.085978352,0.001244849,0.157640919,24.11929131,0.007040376,2,48:51.7,,
5.00E-05,0.243468463,0.091471367,0.001149398,0.150847688,24.30680084,0.007025425,2,49:22.5,,
5.00E-05,0.229941934,0.081951037,0.001223713,0.146767184,25.05770111,0.007028123,2,49:53.4,,
5.00E-05,0.25740546,0.088129424,0.001270209,0.168005839,24.45396042,0.007002689,2,50:24.3,,
5.00E-05,0.243519425,0.089891508,0.001184801,0.152443126,23.91235161,0.007020074,2,50:55.2,,
5.00E-05,0.24857083,0.090170585,0.001218197,0.157182053,23.73763275,0.007030801,2,51:26.1,,
5.00E-05,0.241510302,0.088865384,0.001161136,0.151483774,24.46450233,0.007040903,2,51:57.0,,
5.00E-05,0.245344758,0.090296455,0.001173826,0.153874487,23.53496742,0.007030248,2,52:28.1,,
5.00E-05,0.242854029,0.086160973,0.001197695,0.15549536,24.56720734,0.007050346,2,52:59.0,,
5.00E-05,0.241058022,0.084654547,0.001083429,0.155320048,24.58181381,0.007064312,2,53:30.0,,
5.00E-05,0.246979743,0.087555073,0.001243997,0.158180669,24.71205902,0.007040936,2,54:02.8,,
5.00E-05,0.241735697,0.090290137,0.001099501,0.150346056,23.65067291,0.007034288,2,54:33.8,,
5.00E-05,0.241886377,0.085982502,0.001031709,0.154872164,24.18372345,0.007021929,2,55:04.7,,
5.00E-05,0.241643652,0.088037863,0.001257106,0.152348682,23.28207397,0.007023312,2,55:35.7,,
5.00E-05,0.251220644,0.086418286,0.001163226,0.163639113,24.30463982,0.007018207,2,56:06.5,,
5.00E-05,0.233519495,0.080911644,0.001137611,0.151470229,25.6093483,0.007016697,2,56:37.5,,
5.00E-05,0.240864038,0.087299354,0.001259357,0.152305335,24.09811974,0.007002779,2,57:08.3,,
5.00E-05,0.242411107,0.087473765,0.001173684,0.153763667,24.64987755,0.007012319,2,57:39.2,,
5.00E-05,0.26093486,0.092943072,0.001148831,0.166842952,23.79331589,0.007016747,2,58:10.1,,
5.00E-05,0.241494045,0.08839047,0.001285316,0.151818261,24.34849167,0.007015262,2,58:40.9,,
5.00E-05,0.248218924,0.091752246,0.001182058,0.155284628,23.51593399,0.007016389,2,59:11.8,,
5.00E-05,0.247882947,0.089570031,0.001158284,0.157154635,23.77035141,0.007023312,2,59:42.8,,
5.00E-05,0.246376783,0.090793326,0.00123772,0.154345736,23.83524323,0.007026169,2,00:13.7,,
5.00E-05,0.253823459,0.088453889,0.001210069,0.164159492,24.44342613,0.007047893,2,00:44.7,,
5.00E-05,0.24791266,0.084630817,0.001123235,0.162158608,24.81260109,0.007039583,2,01:15.6,,
5.00E-05,0.241650864,0.088873595,0.001134363,0.151642904,24.1462059,0.007057766,2,01:46.7,,
5.00E-05,0.24508962,0.08911556,0.001186942,0.154787123,24.48259735,0.007041723,2,02:17.5,,
5.00E-05,0.245151117,0.093059696,0.001158644,0.150932774,23.3698864,0.007063837,2,02:48.5,,
5.00E-05,0.258934677,0.0973607,0.001234064,0.160339907,23.06899643,0.007088621,2,03:19.3,,
5.00E-05,0.250994444,0.095643476,0.001271876,0.154079095,22.92502403,0.007065231,2,03:50.3,,
5.00E-05,0.247609198,0.087148473,0.001168485,0.159292236,23.88204956,0.007058241,2,04:21.2,,
5.00E-05,0.241980374,0.089150175,0.001152364,0.151677832,24.04501343,0.007063884,2,04:52.0,,
5.00E-05,0.249338299,0.091055728,0.001182673,0.157099903,24.18423843,0.007057033,2,05:31.5,,
5.00E-05,0.242859408,0.096445091,0.001170538,0.145243779,22.83771133,0.007078548,2,06:02.7,,
5.00E-05,0.239834577,0.083173655,0.001139044,0.155521885,24.71417427,0.007077741,2,06:33.5,,
5.00E-05,0.252274036,0.091552764,0.001293715,0.159427568,24.20920372,0.007114815,2,07:04.4,,
5.00E-05,0.252922088,0.087152377,0.001182298,0.164587423,23.8671875,0.007124007,2,07:35.2,,
5.00E-05,0.257998258,0.091750152,0.001121927,0.16512619,24.22288132,0.007156707,2,08:06.0,,
5.00E-05,0.238642097,0.084202409,0.001301373,0.15313831,24.34048843,0.00714433,2,08:36.9,,
5.00E-05,0.24059239,0.088648811,0.001220414,0.150723159,23.6395359,0.007136026,2,09:07.8,,
5.00E-05,0.248727158,0.088789389,0.001147719,0.158790052,24.60640907,0.007163234,2,09:38.7,,
5.00E-05,0.261692345,0.089217141,0.001247914,0.171227291,24.16841316,0.00717908,2,10:09.5,,
5.00E-05,0.232042938,0.083082087,0.001180214,0.147780642,25.08292389,0.007195415,2,10:40.4,,
5.00E-05,0.250446975,0.088246338,0.001176023,0.161024615,24.62362289,0.007188641,2,11:11.3,,
5.00E-05,0.259954482,0.092911236,0.001272866,0.165770382,23.79375076,0.007162366,2,11:42.1,,
5.00E-05,0.243700743,0.085262477,0.001236014,0.157202259,24.73981094,0.007182662,2,12:13.1,,
5.00E-05,0.240290105,0.085625105,0.001261626,0.153403372,23.65728569,0.007196327,2,12:44.0,,
5.00E-05,0.241820589,0.079970673,0.001211924,0.16063799,25.35948753,0.007180159,2,13:16.8,,
5.00E-05,0.26949054,0.094291195,0.00117266,0.174026683,23.70575142,0.007186835,2,13:47.6,,
5.00E-05,0.246603429,0.089091569,0.001137065,0.156374797,24.54646683,0.007217378,2,14:18.5,,
5.00E-05,0.251038909,0.091622084,0.001190248,0.158226594,23.29383469,0.007215056,2,14:49.5,,
5.00E-05,0.242126822,0.085939847,0.00123781,0.154949173,24.16829109,0.007215444,2,15:20.4,,
5.00E-05,0.244477928,0.094152749,0.001292357,0.149032831,23.55928421,0.007167157,2,15:51.3,,
5.00E-05,0.234490007,0.081807278,0.001109268,0.151573464,24.56277466,0.007152558,2,16:22.3,,
5.00E-05,0.2466591,0.090271235,0.001190172,0.155197695,24.15989113,0.007168541,2,16:53.2,,
5.00E-05,0.239249051,0.08592838,0.001190431,0.152130246,24.00247765,0.007173598,2,17:24.2,,
5.00E-05,0.251710862,0.084346212,0.001278926,0.16608572,25.05231476,0.007185974,2,17:55.0,,
5.00E-05,0.244567782,0.093646042,0.001174865,0.149746865,23.20188141,0.007184039,2,18:26.0,,
5.00E-05,0.243052647,0.084692329,0.001256692,0.157103628,24.8386116,0.007170708,2,18:57.0,,
5.00E-05,0.245683789,0.089163736,0.001221252,0.155298799,24.23213577,0.007176284,2,19:27.9,,
5.00E-05,0.245419025,0.087174006,0.001225619,0.157019392,24.83272171,0.007191682,2,19:58.7,,
5.00E-05,0.246035606,0.086260512,0.001181328,0.158593759,23.91819,0.00720843,2,20:29.7,,
5.00E-05,0.246777758,0.08899866,0.00119953,0.156579569,24.37029266,0.007185111,2,21:00.6,,
5.00E-05,0.243600115,0.084887035,0.001227264,0.157485813,25.06584358,0.007174193,2,21:31.5,,
5.00E-05,0.239487797,0.087225877,0.001153508,0.151108414,23.66531563,0.007177509,2,22:02.3,,
5.00E-05,0.241753295,0.083988816,0.001280487,0.156483993,24.82302666,0.007183337,2,22:33.2,,
5.00E-05,0.247857511,0.094287075,0.001173497,0.152396947,23.22759438,0.007192042,2,23:04.2,,
5.00E-05,0.240549907,0.081766166,0.001184531,0.157599211,25.1700592,0.007208109,2,23:35.1,,
5.00E-05,0.259589255,0.090607755,0.001144295,0.167837217,23.81864357,0.007189041,2,24:06.1,,
5.00E-05,0.245830685,0.087569438,0.001251811,0.157009438,24.34523773,0.007201094,2,24:37.0,,
5.00E-05,0.246274263,0.087104671,0.001164894,0.158004701,24.49705887,0.007198215,2,25:07.8,,
5.00E-05,0.23834087,0.088604704,0.001196536,0.148539633,23.69297028,0.00720647,2,25:38.7,,
5.00E-05,0.230264097,0.086514376,0.001166011,0.142583713,23.95329666,0.00721109,2,26:09.6,,
,,,,,,,2,26:31.8,0.857219577,15.48941708
5.00E-05,0.2587502,0.092859372,0.001159421,0.164731398,23.21998978,0.007224977,2,27:02.7,,
5.00E-05,0.253207684,0.089400612,0.001121172,0.162685901,23.88552856,0.007221217,2,27:33.6,,
5.00E-05,0.26424849,0.095467709,0.001226378,0.167554408,23.52517319,0.007181942,2,28:04.7,,
5.00E-05,0.257655859,0.091774099,0.001213548,0.164668217,23.05516052,0.007202822,2,28:35.6,,
5.00E-05,0.241231605,0.08456745,0.001112824,0.155551329,24.73250198,0.007211022,2,29:06.5,,
5.00E-05,0.23334372,0.081398845,0.001142775,0.150802091,24.86267853,0.007215813,2,29:37.5,,
5.00E-05,0.250119716,0.092654206,0.001229859,0.15623565,23.30776405,0.007211437,2,30:08.4,,
5.00E-05,0.254046202,0.088192657,0.001227292,0.164626241,24.26202774,0.007201551,2,30:39.4,,
5.00E-05,0.240912572,0.090270326,0.001197504,0.149444744,24.07707024,0.007181193,2,31:10.4,,
5.00E-05,0.255416512,0.089168884,0.001153595,0.165094033,24.25257492,0.007182751,2,31:41.2,,
5.00E-05,0.239527106,0.084690109,0.001231989,0.153604999,24.65250969,0.007178005,2,32:12.4,,
5.00E-05,0.254237831,0.090033315,0.001190418,0.163014099,24.22915268,0.007180836,2,32:45.0,,
5.00E-05,0.243288308,0.086325929,0.001305095,0.155657291,25.07074165,0.007161049,2,33:16.0,,
5.00E-05,0.257438302,0.087585241,0.001150116,0.168702945,24.36127472,0.007166378,2,33:46.9,,
5.00E-05,0.250688016,0.088999189,0.001117785,0.160571054,24.19009399,0.007174833,2,34:17.9,,
5.00E-05,0.251946509,0.090793781,0.001211781,0.159940943,24.02235222,0.007170264,2,34:48.8,,
5.00E-05,0.254326195,0.08995527,0.001273864,0.163097069,23.90646172,0.007160683,2,35:19.8,,
5.00E-05,0.244394541,0.089155249,0.001169699,0.154069588,23.74723244,0.007160434,2,35:50.6,,
5.00E-05,0.245819613,0.095169015,0.001136368,0.149514228,22.95109749,0.007167404,2,36:21.6,,
5.00E-05,0.240866214,0.088009708,0.001144852,0.151711658,24.36733627,0.007158403,2,36:52.5,,
5.00E-05,0.242794812,0.084520876,0.001228559,0.157045379,24.51965141,0.007173578,2,37:23.4,,
5.00E-05,0.244961381,0.089523494,0.001082275,0.154355615,23.74256325,0.00717651,2,37:54.3,,
5.00E-05,0.241908938,0.085268006,0.001159966,0.155480966,24.94432068,0.00717495,2,38:25.2,,
5.00E-05,0.247557312,0.091946788,0.001052411,0.154558107,23.91955566,0.007166176,2,38:56.2,,
5.00E-05,0.237818033,0.088138327,0.001164585,0.14851512,23.79572678,0.007172453,2,39:27.3,,
5.00E-05,0.245883271,0.085867092,0.00126988,0.158746302,24.9857254,0.007177273,2,39:58.1,,
5.00E-05,0.242581457,0.085071392,0.001136229,0.156373844,24.90151405,0.0071778,2,40:29.2,,
5.00E-05,0.248059958,0.087685414,0.001224869,0.159149677,23.99375534,0.007178929,2,41:00.2,,
5.00E-05,0.24566561,0.092920125,0.001197149,0.151548326,23.66646004,0.007201417,2,41:31.2,,
5.00E-05,0.24115774,0.091148019,0.001267658,0.148742065,24.0424881,0.007181926,2,42:02.1,,
5.00E-05,0.232189581,0.088149019,0.001230233,0.14281033,24.11143875,0.007186783,2,42:33.1,,
5.00E-05,0.267642438,0.088952482,0.001417381,0.177272588,24.35143661,0.007202578,2,43:04.1,,
5.00E-05,0.249764979,0.085806236,0.001255738,0.162703007,25.3786068,0.007202912,2,43:35.3,,
5.00E-05,0.24737452,0.087060146,0.001174742,0.159139633,24.52053261,0.007204172,2,44:06.2,,
5.00E-05,0.257623136,0.094742008,0.00114746,0.161733672,23.01369476,0.007180864,2,44:37.2,,
5.00E-05,0.240242362,0.089727983,0.001191403,0.149322987,24.7364521,0.007170226,2,45:08.1,,
5.00E-05,0.24056378,0.089067124,0.001172414,0.15032424,24.83738899,0.007159894,2,45:39.1,,
5.00E-05,0.2381863,0.085632794,0.001069896,0.15148361,24.09501648,0.007155485,2,46:10.0,,
5.00E-05,0.243723214,0.084004678,0.001116605,0.15860194,24.60158157,0.007174131,2,46:41.0,,
5.00E-05,0.253458798,0.093369931,0.001272147,0.158816725,23.1700325,0.007167072,2,47:12.0,,
5.00E-05,0.247815818,0.087886482,0.001164199,0.158765137,23.46912193,0.007183275,2,47:43.3,,
5.00E-05,0.259209245,0.090198189,0.001197681,0.167813376,23.87864304,0.007178485,2,48:14.1,,
5.00E-05,0.250699818,0.084995501,0.001191236,0.164513081,25.08395386,0.007177311,2,48:45.1,,
5.00E-05,0.24078767,0.09168151,0.001155438,0.147950724,23.85750771,0.007182864,2,49:16.1,,
5.00E-05,0.231961429,0.087595806,0.001405264,0.14296037,24.59708786,0.007193723,2,49:46.9,,
5.00E-05,0.267381787,0.098250352,0.001277534,0.167853907,22.91402054,0.00719126,2,50:17.8,,
5.00E-05,0.244448453,0.083255433,0.001127795,0.160065219,24.88230705,0.007187246,2,50:48.9,,
5.00E-05,0.24360016,0.085166492,0.001148832,0.157284841,24.42355156,0.007195403,2,51:21.7,,
5.00E-05,0.247364402,0.086313792,0.001178367,0.159872249,24.29090881,0.007201551,2,51:52.7,,
5.00E-05,0.238502443,0.084983312,0.001230448,0.15228869,24.94143295,0.007187914,2,52:23.5,,
5.00E-05,0.255443722,0.097916156,0.001095277,0.156432286,22.25233459,0.00717885,2,52:54.5,,
5.00E-05,0.244907945,0.093339793,0.001195123,0.150373027,23.69068336,0.007182606,2,53:25.5,,
5.00E-05,0.266315073,0.09807957,0.001144351,0.167091146,22.79510307,0.007181265,2,53:56.5,,
5.00E-05,0.228959829,0.087190814,0.00117899,0.140590027,24.0871067,0.007203207,2,54:27.5,,
5.00E-05,0.252634883,0.088895932,0.001227459,0.162511498,24.34306335,0.007215855,2,54:58.4,,
5.00E-05,0.242870942,0.084185123,0.001307842,0.157377973,24.36863708,0.007213811,2,55:29.4,,
5.00E-05,0.251414001,0.087868229,0.001096422,0.162449345,24.05220222,0.007202101,2,56:00.3,,
5.00E-05,0.248104304,0.091267422,0.001192218,0.15564467,23.42490959,0.007194323,2,56:31.2,,
5.00E-05,0.25481081,0.086418837,0.001163005,0.167228982,24.40177155,0.007178012,2,57:02.1,,
5.00E-05,0.244968697,0.089495383,0.001221929,0.154251382,24.01985359,0.007197696,2,57:42.2,,
5.00E-05,0.244742572,0.09071856,0.001254033,0.152769983,24.01679802,0.00719609,2,58:13.1,,
5.00E-05,0.248575687,0.089098938,0.001279725,0.158197016,23.56034279,0.00718397,2,58:44.0,,
5.00E-05,0.239143685,0.086927518,0.001220093,0.150996074,24.44287109,0.007172076,2,59:14.9,,
5.00E-05,0.264993966,0.095104083,0.001328742,0.168561146,23.65977097,0.00715883,2,59:45.9,,
5.00E-05,0.243933395,0.085990138,0.001221204,0.156722054,24.59783936,0.007155213,2,00:16.9,,
5.00E-05,0.234996229,0.085067943,0.001364361,0.148563921,25.02261925,0.007151647,2,00:47.8,,
5.00E-05,0.253427207,0.089766107,0.001123906,0.162537202,24.19297028,0.007155417,2,01:18.8,,
5.00E-05,0.236939698,0.081477888,0.001349527,0.154112279,25.37577438,0.007134808,2,01:49.7,,
5.00E-05,0.235464588,0.086786419,0.001221296,0.147456869,24.33826447,0.007135934,2,02:20.7,,
5.00E-05,0.25888747,0.090838715,0.001162611,0.166886151,23.61266708,0.007153162,2,02:51.7,,
5.00E-05,0.247671843,0.094633527,0.001204893,0.151833415,22.92856216,0.007135937,2,03:22.8,,
5.00E-05,0.236509115,0.086261705,0.001151419,0.149095997,24.61179733,0.007148783,2,03:53.8,,
5.00E-05,0.249688894,0.086443178,0.001166346,0.162079364,23.99291039,0.007136387,2,04:24.7,,
5.00E-05,0.251190305,0.089612409,0.001293386,0.160284504,23.64017296,0.007128968,2,04:55.6,,
5.00E-05,0.248768881,0.087761283,0.001238924,0.159768671,24.58258057,0.007131028,2,05:26.6,,
5.00E-05,0.25169605,0.089079253,0.001374496,0.161242291,23.80073547,0.007134648,2,05:57.5,,
5.00E-05,0.255498081,0.090088129,0.001177692,0.164232269,23.5235424,0.007129211,2,06:28.6,,
5.00E-05,0.259962678,0.090784021,0.001180441,0.167998224,24.25453377,0.007128901,2,06:59.5,,
5.00E-05,0.24496676,0.08724694,0.001240891,0.156478927,24.51268768,0.00712746,2,07:30.4,,
5.00E-05,0.241131395,0.085124403,0.001162096,0.154844895,24.96597672,0.007119643,2,08:01.3,,
5.00E-05,0.242906675,0.087187566,0.001213977,0.154505134,24.68822098,0.00711227,2,08:32.7,,
5.00E-05,0.251846492,0.09519738,0.001136761,0.155512363,23.08937454,0.007110765,2,09:03.6,,
5.00E-05,0.245019883,0.093721032,0.001178286,0.150120571,23.22868156,0.007100312,2,09:34.6,,
5.00E-05,0.247802675,0.086497404,0.00126939,0.160035878,24.60987282,0.007092492,2,10:05.4,,
5.00E-05,0.24122481,0.084999718,0.001140084,0.155085012,24.30064201,0.007097499,2,10:38.4,,
5.00E-05,0.239365533,0.084834047,0.001290047,0.153241441,24.65654564,0.007075396,2,11:09.2,,
5.00E-05,0.249978036,0.090888336,0.001185358,0.157904342,23.91046143,0.007063127,2,11:40.2,,
5.00E-05,0.242129654,0.086888477,0.001177572,0.154063597,24.29413986,0.007063582,2,12:11.2,,
5.00E-05,0.256898344,0.094232962,0.001163927,0.161501452,23.30772591,0.00706054,2,12:42.1,,
5.00E-05,0.246834338,0.092536546,0.00124316,0.15305464,23.09038162,0.007076652,2,13:12.9,,
5.00E-05,0.231829703,0.085772485,0.001243985,0.144813225,24.19715881,0.007046932,2,13:43.9,,
5.00E-05,0.251577318,0.090124749,0.001182273,0.160270303,23.54871368,0.007067162,2,14:14.8,,
5.00E-05,0.262522876,0.099603295,0.001147201,0.16177237,22.58263779,0.00706284,2,14:46.0,,
5.00E-05,0.25569427,0.09113276,0.001306328,0.1632552,23.62837601,0.00704142,2,15:16.8,,
5.00E-05,0.244533896,0.084850259,0.001207828,0.158475801,24.62006569,0.007057343,2,15:47.7,,
5.00E-05,0.250617057,0.08365573,0.001284837,0.165676489,24.45380974,0.007061823,2,16:18.6,,
5.00E-05,0.229706079,0.078575172,0.001178783,0.149952129,25.73668289,0.007025305,2,16:49.7,,
5.00E-05,0.251264691,0.086908989,0.001209004,0.16314669,24.57530785,0.007015546,2,17:20.7,,
5.00E-05,0.240521014,0.082188927,0.001180905,0.157151192,24.16459846,0.007008291,2,17:51.7,,
5.00E-05,0.245823085,0.091235876,0.001162188,0.153425023,23.6010952,0.007013035,2,18:22.6,,
5.00E-05,0.23971495,0.087663718,0.001390307,0.150660932,24.43411255,0.007020827,2,18:53.6,,
5.00E-05,0.246635094,0.088509135,0.001186766,0.156939194,23.97643661,0.007032782,2,19:24.6,,
5.00E-05,0.26749292,0.095581226,0.001201392,0.170710295,23.12843132,0.007055667,2,19:55.6,,
5.00E-05,0.248152629,0.091114685,0.001088265,0.155949682,24.09212875,0.007072206,2,20:26.6,,
5.00E-05,0.255584002,0.095633402,0.001188834,0.15876177,22.99528503,0.007078619,2,20:57.6,,
5.00E-05,0.249581993,0.095329434,0.001248787,0.153003782,23.50884438,0.007078163,2,21:28.6,,
5.00E-05,0.254493594,0.087859988,0.00122282,0.165410787,24.18548584,0.00706606,2,21:59.6,,
5.00E-05,0.246604979,0.091769293,0.001275793,0.153559893,24.00831985,0.007078191,2,22:30.5,,
5.00E-05,0.252239853,0.090849325,0.001268607,0.160121918,23.5665493,0.007083079,2,23:01.5,,
5.00E-05,0.244906053,0.083054572,0.001153145,0.160698339,25.05525398,0.007066313,2,23:32.4,,
5.00E-05,0.238766655,0.078671657,0.0013021,0.158792898,25.29149246,0.00705562,2,24:03.4,,
5.00E-05,0.249535382,0.09141925,0.001172119,0.156944007,23.53343201,0.007043175,2,24:34.4,,
5.00E-05,0.237244755,0.085900545,0.001126388,0.150217816,24.4371624,0.007060517,2,25:05.3,,
5.00E-05,0.252972335,0.086879216,0.001123332,0.164969787,23.8443718,0.007044348,2,25:36.2,,
5.00E-05,0.239078358,0.0849296,0.001115829,0.153032929,24.83766174,0.007028907,2,26:07.2,,
5.00E-05,0.251444221,0.091675632,0.001178402,0.158590198,23.60933304,0.0070191,2,26:38.1,,
5.00E-05,0.24278307,0.083243996,0.001254358,0.158284724,25.24603844,0.007020332,2,27:09.1,,
5.00E-05,0.241375059,0.086428136,0.001157624,0.153789297,24.32784081,0.007005368,2,27:40.0,,
5.00E-05,0.235373467,0.087272435,0.001094063,0.147006959,24.18015289,0.007008034,2,28:11.1,,
5.00E-05,0.245338961,0.088299841,0.001146045,0.155893072,24.46009064,0.007011239,2,28:41.9,,
5.00E-05,0.256343901,0.090851314,0.001226798,0.164265797,24.4924736,0.007017785,2,29:15.1,,
5.00E-05,0.242410943,0.085985914,0.001194971,0.15523006,24.32588196,0.007019318,2,29:46.1,,
5.00E-05,0.235959426,0.086862557,0.001115997,0.147980869,24.62885666,0.007004553,2,30:17.1,,
5.00E-05,0.247799575,0.08412528,0.001339579,0.162334725,24.83452225,0.007018428,2,30:48.0,,
5.00E-05,0.251725674,0.093750611,0.00110431,0.156870738,23.47187424,0.007015121,2,31:18.9,,
5.00E-05,0.257450193,0.091715887,0.001193083,0.16454123,24.10577011,0.007000175,2,31:49.8,,
5.00E-05,0.235547334,0.09233167,0.001207026,0.142008647,24.06410217,0.006991975,2,32:20.7,,
5.00E-05,0.233175099,0.084720075,0.001250484,0.147204533,24.29358673,0.006998593,2,32:51.7,,
5.00E-05,0.236632377,0.083728142,0.001261845,0.151642397,24.24662781,0.006974154,2,33:22.7,,
5.00E-05,0.235466093,0.087113805,0.001225107,0.147127181,24.84787178,0.006977504,2,33:53.6,,
5.00E-05,0.2396864,0.090860166,0.001123475,0.147702768,24.02121735,0.006998477,2,34:24.7,,
5.00E-05,0.249184459,0.09580534,0.001140914,0.152238205,23.35327148,0.006994203,2,34:55.7,,
5.00E-05,0.239738703,0.089147277,0.001209982,0.149381444,23.94366264,0.006987475,2,35:26.8,,
5.00E-05,0.239130437,0.083573096,0.001167578,0.154389769,24.82044029,0.006976922,2,35:57.8,,
5.00E-05,0.244872764,0.08555124,0.001142762,0.158178762,24.72792053,0.006964872,2,36:28.8,,
5.00E-05,0.244820252,0.082448974,0.001116753,0.161254525,24.69069481,0.00696737,2,36:59.8,,
5.00E-05,0.250078857,0.089575164,0.001097309,0.159406394,23.94126701,0.006956176,2,37:30.9,,
5.00E-05,0.245093375,0.090331785,0.001110951,0.153650641,23.66014671,0.006951266,2,38:01.8,,
5.00E-05,0.242409199,0.087108172,0.001138974,0.154162064,23.78593636,0.00692502,2,38:32.9,,
5.00E-05,0.25659889,0.09133482,0.001220407,0.16404365,24.17198563,0.006929893,2,39:03.9,,
5.00E-05,0.24607116,0.093652219,0.001293953,0.151124999,23.23375511,0.006934775,2,39:34.9,,
5.00E-05,0.235798985,0.080800258,0.001267942,0.153730795,25.67451859,0.006925655,2,40:05.8,,
5.00E-05,0.245846376,0.082252294,0.001164052,0.162430033,25.05015564,0.006929962,2,40:36.7,,
5.00E-05,0.245633334,0.09115427,0.00122123,0.153257832,23.4254837,0.006921244,2,41:07.6,,
5.00E-05,0.238528252,0.086891726,0.001205039,0.150431484,23.83107376,0.00693546,2,41:38.6,,
5.00E-05,0.254139006,0.091557078,0.001044882,0.161537036,24.18467331,0.006917856,2,42:09.5,,
5.00E-05,0.241523057,0.087733932,0.001190615,0.152598515,24.30295181,0.006895911,2,42:40.5,,
5.00E-05,0.25319308,0.091045819,0.001199368,0.160947904,24.10371017,0.006897046,2,43:11.4,,
5.00E-05,0.24342452,0.08505486,0.001252203,0.157117456,24.97622681,0.006916915,2,43:42.5,,
5.00E-05,0.23814702,0.082563326,0.001239807,0.154343888,25.2835865,0.006929668,2,44:13.5,,
5.00E-05,0.257525235,0.091947637,0.001190627,0.164386973,23.16814041,0.006901441,2,44:44.5,,
5.00E-05,0.256868154,0.095408365,0.001245688,0.160214111,23.14974976,0.006923894,2,45:15.4,,
5.00E-05,0.245555043,0.088695727,0.001193142,0.155666173,24.75691605,0.006912243,2,45:46.4,,
5.00E-05,0.216821477,0.083886936,0.001162438,0.131772101,24.64389801,0.006929734,2,46:17.4,,
5.00E-05,0.239973798,0.087716684,0.001203817,0.151053295,23.71955872,0.006948263,2,46:48.5,,
5.00E-05,0.258185536,0.090729184,0.001180196,0.166276157,24.1181736,0.006955904,2,47:19.4,,
5.00E-05,0.250492334,0.086699143,0.001209887,0.162583321,23.89653206,0.006948955,2,47:50.4,,
5.00E-05,0.253087491,0.092506655,0.001205249,0.159375593,23.77240753,0.00694397,2,48:23.2,,
5.00E-05,0.253945976,0.089943863,0.001150935,0.162851185,23.99952888,0.006934031,2,48:54.3,,
5.00E-05,0.24566707,0.090517625,0.001190378,0.153959066,23.54162598,0.006948866,2,49:34.0,,
5.00E-05,0.238155216,0.087465182,0.001234797,0.149455234,23.86317444,0.006921244,2,50:05.4,,
5.00E-05,0.253808349,0.086909883,0.001294631,0.165603831,24.0075016,0.006927253,2,50:36.3,,
5.00E-05,0.24176228,0.091833211,0.001190694,0.148738369,24.02144432,0.006913559,2,51:07.3,,
5.00E-05,0.252007782,0.088646688,0.001309498,0.162051588,23.95379829,0.006921296,2,51:38.3,,
5.00E-05,0.251981884,0.09235134,0.001168523,0.158462018,23.98488617,0.006930977,2,52:09.3,,
5.00E-05,0.260244548,0.090921313,0.001263735,0.168059498,23.66820145,0.006926728,2,52:40.2,,
5.00E-05,0.241865426,0.09007477,0.001246515,0.150544152,23.87150192,0.006938105,2,53:11.2,,
5.00E-05,0.243952841,0.095603913,0.00118581,0.147163123,22.78823471,0.006928055,2,53:42.1,,
5.00E-05,0.233772993,0.080928035,0.001193674,0.151651293,25.30443954,0.006933386,2,54:13.2,,
5.00E-05,0.26021558,0.095525868,0.001117531,0.163572162,22.87423706,0.006941624,2,54:44.1,,
5.00E-05,0.248737752,0.091231823,0.001188105,0.15631783,23.73464203,0.006942276,2,55:15.0,,
5.00E-05,0.242934644,0.087855637,0.001159213,0.153919801,24.73679733,0.006958405,2,55:45.9,,
5.00E-05,0.239973277,0.085668691,0.001165137,0.153139457,24.58860779,0.006952764,2,56:17.0,,
5.00E-05,0.24586688,0.080383159,0.00107499,0.164408728,25.44652939,0.006987513,2,56:47.9,,
5.00E-05,0.244777575,0.085466139,0.001244832,0.158066601,24.97604561,0.006994126,2,57:18.9,,
5.00E-05,0.235145345,0.081370972,0.001216535,0.152557835,25.48592758,0.006987546,2,57:49.8,,
5.00E-05,0.268180192,0.093529783,0.001342942,0.173307478,23.78238487,0.006994974,2,58:20.8,,
5.00E-05,0.258591533,0.095468529,0.001295947,0.161827058,23.52933121,0.007002439,2,58:51.6,,
5.00E-05,0.242455661,0.093406901,0.001108992,0.147939771,23.53120995,0.006983622,2,59:22.6,,
5.00E-05,0.245564699,0.086929902,0.001232123,0.157402679,24.72630692,0.006989779,2,59:53.6,,
5.00E-05,0.232659519,0.081946038,0.001204251,0.149509236,25.42803001,0.006983036,2,00:24.6,,
5.00E-05,0.237529367,0.087187804,0.001273935,0.149067625,24.08886909,0.00696366,2,00:55.5,,
5.00E-05,0.258918315,0.08959157,0.001114589,0.16821216,23.50767517,0.006964235,2,01:26.5,,
5.00E-05,0.245810375,0.091840647,0.001114571,0.152855158,23.62583542,0.006964915,2,01:57.4,,
5.00E-05,0.246157289,0.099582165,0.001227494,0.14534764,22.76320267,0.006963687,2,02:28.4,,
5.00E-05,0.244239822,0.086746357,0.001165201,0.156328261,24.50257492,0.0069597,2,02:59.3,,
5.00E-05,0.26372233,0.092482165,0.001156045,0.170084119,23.67128754,0.006942567,2,03:30.4,,
5.00E-05,0.247943938,0.088515088,0.001188734,0.158240125,24.37170792,0.006923072,2,04:01.3,,
5.00E-05,0.237264037,0.088789128,0.001201676,0.147273242,23.94936371,0.006924267,2,04:32.3,,
5.00E-05,0.246273652,0.089383021,0.00115575,0.155734882,23.74357224,0.006929291,2,05:03.3,,
5.00E-05,0.239340499,0.088703118,0.001206537,0.149430841,23.54300308,0.006927848,2,05:34.3,,
5.00E-05,0.257010281,0.090463825,0.001197929,0.16534853,24.34331894,0.006937279,2,06:05.2,,
5.00E-05,0.245274767,0.08559639,0.001050705,0.158627674,25.04876328,0.006946875,2,06:36.0,,
5.00E-05,0.252812624,0.089255311,0.001066643,0.162490666,24.26670265,0.006939108,2,07:08.9,,
5.00E-05,0.250634253,0.08962179,0.001185902,0.159826577,24.30381012,0.006904176,2,07:39.9,,
5.00E-05,0.242339194,0.083121426,0.001095598,0.158122167,24.99472427,0.006911462,2,08:10.9,,
5.00E-05,0.26561901,0.095310427,0.001162716,0.169145867,22.67749023,0.006891877,2,08:42.0,,
5.00E-05,0.238872632,0.081968784,0.00109674,0.155807108,24.97756004,0.006883434,2,09:12.8,,
5.00E-05,0.240092188,0.082951546,0.001221526,0.15591912,25.34347153,0.006925347,2,09:43.8,,
5.00E-05,0.252195388,0.0864878,0.001153669,0.164553925,24.20491409,0.006931558,2,10:14.7,,
,,,,,,,2,10:37.0,0.860625505,15.27639389
5.00E-05,0.240776122,0.083537027,0.001178419,0.156060666,24.76330948,0.006902033,2,11:07.6,,
5.00E-05,0.239853084,0.086317442,0.001252714,0.152282938,24.13002777,0.006891401,2,11:38.4,,
5.00E-05,0.266650558,0.093860582,0.001130971,0.171658993,23.32974625,0.006906731,2,12:09.3,,
5.00E-05,0.251318067,0.096855357,0.001302365,0.153160349,22.997509,0.00690256,2,12:40.1,,
5.00E-05,0.242192999,0.08643245,0.001113303,0.154647246,24.20435715,0.006915405,2,13:11.1,,
5.00E-05,0.242419779,0.085663207,0.001193764,0.155562803,24.80105972,0.006900267,2,13:42.1,,
5.00E-05,0.240190029,0.088563249,0.001221457,0.150405318,24.15955544,0.006890281,2,14:13.0,,
5.00E-05,0.242351621,0.091464736,0.001077193,0.149809703,24.40264702,0.006884422,2,14:43.9,,
5.00E-05,0.243390054,0.089317113,0.001163209,0.152909726,24.52217865,0.006911815,2,15:41.7,,
5.00E-05,0.240072012,0.082910545,0.001128103,0.156033367,24.57230568,0.006946484,3,16:43.0,,
5.00E-05,0.24773407,0.08852011,0.001187962,0.158025995,24.05574989,0.006970826,3,17:14.2,,
5.00E-05,0.25379163,0.093061961,0.001111146,0.159618512,22.83240128,0.006951856,3,17:45.1,,
5.00E-05,0.254188329,0.090558819,0.001106506,0.162523001,23.72603226,0.006935727,3,18:16.2,,
5.00E-05,0.243824631,0.083110325,0.001152454,0.159561858,24.6057663,0.006966852,3,18:47.2,,
5.00E-05,0.257714659,0.095467411,0.001154129,0.161093116,23.57458878,0.006972654,3,19:18.1,,
5.00E-05,0.245288193,0.088706434,0.001145754,0.155436009,24.49459076,0.006980575,3,19:49.0,,
5.00E-05,0.243342161,0.085152701,0.001276756,0.156912714,24.98999786,0.006966732,3,20:20.0,,
5.00E-05,0.232173562,0.084007546,0.001169969,0.146996051,24.79408073,0.006955221,3,20:51.0,,
5.00E-05,0.262099564,0.095570154,0.001119681,0.165409714,23.03188324,0.006937877,3,21:22.0,,
5.00E-05,0.244412497,0.089903876,0.001037164,0.153471455,24.37264633,0.006945364,3,21:52.9,,
5.00E-05,0.239956021,0.088065892,0.001259377,0.150630757,24.40024948,0.006941508,3,22:24.0,,
5.00E-05,0.243514508,0.08652398,0.001213866,0.155776665,25.15202713,0.006939161,3,22:55.0,,
5.00E-05,0.247850657,0.0893922,0.001259464,0.157198995,24.23173523,0.006915468,3,23:26.0,,
5.00E-05,0.240020812,0.082793199,0.001106932,0.156120688,24.9813652,0.006926758,3,23:57.0,,
5.00E-05,0.243133992,0.085180864,0.001187735,0.156765401,25.5263176,0.006930174,3,24:28.0,,
5.00E-05,0.236765638,0.090445958,0.001179971,0.145139709,23.64635849,0.006931539,3,24:58.8,,
5.00E-05,0.223953426,0.078026392,0.001148242,0.144778803,25.53543091,0.006923142,3,25:29.8,,
5.00E-05,0.230291992,0.088849284,0.001095001,0.140347704,22.97854424,0.006907607,3,26:00.7,,
5.00E-05,0.240941942,0.091966718,0.001192914,0.147782311,23.99326515,0.006913574,3,26:31.7,,
5.00E-05,0.237758428,0.078484692,0.001151266,0.158122465,25.495121,0.006899279,3,27:04.5,,
5.00E-05,0.238972366,0.086551562,0.001184593,0.151236221,24.72550392,0.0069088,3,27:35.6,,
5.00E-05,0.247698307,0.08824794,0.001157573,0.158292785,24.37784386,0.006928863,3,28:06.5,,
5.00E-05,0.240958869,0.088400617,0.001136964,0.151421279,23.94748688,0.006936796,3,28:37.5,,
5.00E-05,0.24852483,0.084414802,0.001138563,0.162971467,25.05094147,0.00693332,3,29:08.3,,
5.00E-05,0.242666274,0.087476619,0.001181261,0.154008389,24.72036743,0.006932957,3,29:39.3,,
5.00E-05,0.237544522,0.086166516,0.001060682,0.150317326,24.66106033,0.006929731,3,30:10.1,,
5.00E-05,0.239883184,0.082278848,0.0011738,0.156430528,25.01271057,0.006919729,3,30:41.1,,
5.00E-05,0.247018099,0.091981903,0.001351629,0.153684556,23.8390522,0.006910349,3,31:12.1,,
5.00E-05,0.26054588,0.091289692,0.001133089,0.168123096,23.16801834,0.006899535,3,31:43.1,,
5.00E-05,0.245989576,0.088153087,0.001258976,0.156577513,23.86539268,0.006894866,3,32:13.9,,
5.00E-05,0.242142826,0.087100603,0.001130197,0.153912023,23.90554428,0.006914317,3,32:45.2,,
5.00E-05,0.243656069,0.083716489,0.001131387,0.158808202,24.29982185,0.006916519,3,33:16.1,,
5.00E-05,0.25630042,0.089929797,0.001145884,0.165224746,23.77740669,0.006899319,3,33:47.1,,
5.00E-05,0.231311262,0.08024884,0.001180872,0.149881557,24.82914925,0.006889552,3,34:17.9,,
5.00E-05,0.237014279,0.082612053,0.001088528,0.153313696,25.42542648,0.006905065,3,34:49.0,,
5.00E-05,0.232152507,0.081497505,0.001100464,0.149554536,24.7285614,0.006932136,3,35:19.8,,
5.00E-05,0.249948055,0.092327602,0.001094831,0.156525627,23.6727314,0.006934477,3,35:50.8,,
5.00E-05,0.249428481,0.091132864,0.001144219,0.157151401,23.68178177,0.006917262,3,36:21.7,,
5.00E-05,0.235738665,0.08492101,0.001114728,0.149702922,24.69167709,0.006936412,3,36:52.7,,
5.00E-05,0.252298057,0.085896052,0.001252243,0.165149778,24.10451126,0.006897667,3,37:23.5,,
5.00E-05,0.254378468,0.095855035,0.001237077,0.157286361,23.38754654,0.00690047,3,37:54.5,,
5.00E-05,0.250068992,0.088924974,0.001054592,0.160089418,24.23633766,0.006891575,3,38:25.4,,
5.00E-05,0.231588662,0.08462178,0.001189375,0.145777509,24.74185562,0.006877935,3,38:56.4,,
5.00E-05,0.253169239,0.08960972,0.001058496,0.162501007,24.75553513,0.006885774,3,39:27.3,,
5.00E-05,0.249217868,0.08747147,0.001112956,0.160633445,24.53324318,0.006892831,3,39:58.3,,
5.00E-05,0.236960813,0.085052922,0.001155984,0.150751904,24.85198975,0.006885312,3,40:29.2,,
5.00E-05,0.246785015,0.088382915,0.001139967,0.157262132,23.41985893,0.006897788,3,41:00.2,,
5.00E-05,0.241423994,0.085970163,0.001135666,0.154318169,23.73472977,0.006928131,3,41:31.1,,
5.00E-05,0.237063751,0.085931033,0.001129519,0.150003195,24.04173851,0.006911657,3,42:02.2,,
5.00E-05,0.254002333,0.095678456,0.001209104,0.157114774,22.8718338,0.00691873,3,42:42.5,,
5.00E-05,0.251537502,0.089425489,0.001256636,0.160855368,23.88084793,0.006938205,3,43:13.4,,
5.00E-05,0.245363221,0.090132467,0.001141974,0.15408878,23.9408493,0.006961226,3,43:44.4,,
5.00E-05,0.240830302,0.086445168,0.001235211,0.153149918,24.29043579,0.006963129,3,44:15.4,,
5.00E-05,0.231732965,0.083173126,0.001283401,0.147276446,25.11294556,0.006980438,3,44:46.3,,
5.00E-05,0.238813698,0.084277809,0.00128586,0.153250024,24.40446663,0.006987972,3,45:17.2,,
5.00E-05,0.246035933,0.086647689,0.001172657,0.158215582,24.08006287,0.006987606,3,45:48.0,,
5.00E-05,0.251599938,0.084904678,0.001138467,0.165556803,24.66397476,0.006981281,3,46:21.0,,
5.00E-05,0.235625029,0.0853163,0.001176112,0.149132624,24.67192078,0.006959747,3,46:51.9,,
5.00E-05,0.250155061,0.085361235,0.001103327,0.163690493,24.59420967,0.006947561,3,47:22.8,,
5.00E-05,0.250064343,0.089753963,0.001183348,0.159127042,23.84760284,0.006936158,3,47:53.7,,
5.00E-05,0.242148206,0.086305201,0.001212433,0.154630572,23.97629166,0.006959517,3,48:24.7,,
5.00E-05,0.244053543,0.089560784,0.001254809,0.153237939,24.34967041,0.006934404,3,48:55.5,,
5.00E-05,0.243344828,0.090842828,0.001120972,0.151381031,23.75836945,0.006925605,3,49:26.3,,
5.00E-05,0.245120585,0.08616893,0.001337609,0.157614037,23.77550316,0.006938555,3,49:57.2,,
5.00E-05,0.25745514,0.08718767,0.001135995,0.169131473,24.22755814,0.006928072,3,50:28.0,,
5.00E-05,0.247352228,0.086033046,0.001200884,0.160118297,24.19067192,0.006949115,3,50:58.7,,
5.00E-05,0.25319159,0.088783257,0.00127963,0.163128704,23.87454033,0.006927696,3,51:29.6,,
5.00E-05,0.246083498,0.085284971,0.001128402,0.159670115,24.27755165,0.006902461,3,52:00.5,,
5.00E-05,0.246636003,0.085278668,0.001218189,0.160139143,24.00058556,0.006937877,3,52:31.5,,
5.00E-05,0.252099574,0.090268478,0.001283113,0.160547972,23.86228561,0.006963212,3,53:02.3,,
5.00E-05,0.245100707,0.089252688,0.001160544,0.154687479,24.35661507,0.006971259,3,53:33.6,,
5.00E-05,0.243530631,0.083412416,0.001185243,0.158932969,24.76285172,0.006981371,3,54:04.4,,
5.00E-05,0.241030887,0.088073641,0.00122774,0.151729509,24.32265472,0.006951292,3,54:35.3,,
5.00E-05,0.246124014,0.091311492,0.001200876,0.153611645,23.51818848,0.006935255,3,55:06.0,,
5.00E-05,0.24067153,0.088001952,0.001327861,0.151341721,24.35935593,0.006934557,3,55:37.1,,
5.00E-05,0.240670621,0.087747999,0.001168911,0.151753709,23.77300262,0.006964832,3,56:07.9,,
5.00E-05,0.230196953,0.082194299,0.001134066,0.146868587,24.92285156,0.00695812,3,56:38.8,,
5.00E-05,0.244131565,0.085911654,0.001259787,0.156960115,24.66672516,0.006953537,3,57:09.7,,
5.00E-05,0.239797309,0.083426073,0.00116934,0.155201897,25.16643715,0.006951677,3,57:40.7,,
5.00E-05,0.246076941,0.087348476,0.001151676,0.157576784,23.25034714,0.006949956,3,58:11.5,,
5.00E-05,0.245388299,0.089032553,0.001131727,0.15522401,23.47130966,0.006967413,3,58:42.5,,
5.00E-05,0.243870944,0.085981995,0.001166763,0.156722188,24.63796616,0.006964743,3,59:13.4,,
5.00E-05,0.244666412,0.091483422,0.001136983,0.15204601,23.80392838,0.006958701,3,59:44.4,,
5.00E-05,0.241412103,0.08624059,0.001163135,0.154008374,23.9209671,0.006963228,3,00:15.2,,
5.00E-05,0.238807186,0.085997157,0.001128132,0.1516819,24.35037994,0.006957045,3,00:46.4,,
5.00E-05,0.263946295,0.091400951,0.001266886,0.171278462,23.21340179,0.006974194,3,01:17.3,,
5.00E-05,0.246749341,0.088148959,0.001177317,0.157423064,24.40599251,0.006982557,3,01:48.3,,
5.00E-05,0.240129858,0.09026783,0.001183553,0.148678467,23.92257881,0.006988899,3,02:19.1,,
5.00E-05,0.226756662,0.081185564,0.001195897,0.14437519,24.87953186,0.006980899,3,02:50.0,,
5.00E-05,0.250303149,0.091720112,0.001218219,0.157364801,22.94965744,0.006993669,3,03:20.8,,
5.00E-05,0.255614519,0.091080077,0.001217841,0.163316593,23.71700478,0.00703188,3,03:51.8,,
5.00E-05,0.247600213,0.088007458,0.001204512,0.158388242,24.23561859,0.007022559,3,04:22.6,,
5.00E-05,0.242257714,0.089412294,0.001323632,0.151521787,23.41591835,0.007012092,3,04:53.6,,
5.00E-05,0.24112913,0.085919611,0.001195382,0.15401414,24.64959145,0.007015854,3,05:26.3,,
5.00E-05,0.251871288,0.094843641,0.001209859,0.155817792,23.89278412,0.007022967,3,05:57.3,,
5.00E-05,0.250050396,0.085367337,0.001262481,0.163420573,24.16797447,0.00700916,3,06:28.3,,
5.00E-05,0.237033442,0.082630746,0.001162687,0.15324001,25.29125404,0.00701926,3,06:59.3,,
5.00E-05,0.235015988,0.087526731,0.001246434,0.146242827,24.3935585,0.007015084,3,07:30.2,,
5.00E-05,0.232102215,0.08322303,0.001061027,0.147818148,24.62455368,0.006993319,3,08:01.2,,
5.00E-05,0.234983027,0.081298403,0.00121527,0.152469352,25.35724831,0.006995067,3,08:32.1,,
5.00E-05,0.245953768,0.088166125,0.001162079,0.156625554,24.02384567,0.006980165,3,09:03.1,,
5.00E-05,0.250717252,0.088701658,0.001238765,0.160776824,24.38150787,0.006990735,3,09:33.9,,
5.00E-05,0.239338964,0.080251418,0.001210254,0.157877281,25.37983322,0.006979321,3,10:04.9,,
5.00E-05,0.239844173,0.087805703,0.001028622,0.151009843,23.7282486,0.00698248,3,10:35.8,,
5.00E-05,0.250546306,0.088181838,0.001233151,0.161131322,24.49665833,0.006988779,3,11:06.9,,
5.00E-05,0.244838446,0.085101768,0.001124759,0.158611923,23.94533348,0.006991128,3,11:37.7,,
5.00E-05,0.251066148,0.093862437,0.001212184,0.155991539,23.15602112,0.006993782,3,12:08.8,,
5.00E-05,0.250341117,0.090770602,0.001124938,0.158445582,22.94995499,0.006954436,3,12:39.7,,
5.00E-05,0.242040873,0.087711528,0.001242742,0.153086603,24.52291679,0.006966473,3,13:10.7,,
5.00E-05,0.244192272,0.089165926,0.001188942,0.153837413,24.55752563,0.006978079,3,13:41.7,,
5.00E-05,0.252816081,0.082772188,0.001187376,0.168856516,24.66275406,0.006972891,3,14:12.9,,
5.00E-05,0.239533052,0.088556595,0.00117374,0.149802715,24.42657661,0.007002873,3,14:43.8,,
5.00E-05,0.255461633,0.089182802,0.001247781,0.165031046,24.15530205,0.00699572,3,15:14.8,,
5.00E-05,0.251373291,0.088419631,0.00113049,0.161823168,24.04140854,0.006992665,3,15:45.7,,
5.00E-05,0.243683696,0.090900898,0.001082618,0.151700184,23.43440819,0.006967702,3,16:16.7,,
5.00E-05,0.245078862,0.085165046,0.001190738,0.158723071,24.75372696,0.006981465,3,16:47.4,,
5.00E-05,0.25236994,0.089195192,0.001167147,0.162007585,23.87483788,0.006962441,3,17:18.4,,
5.00E-05,0.244100988,0.087370127,0.001102731,0.15562813,24.21735001,0.006953516,3,17:49.2,,
5.00E-05,0.238399446,0.09182068,0.001135545,0.145443216,23.53512192,0.006943298,3,18:20.2,,
5.00E-05,0.246557772,0.084648006,0.001296353,0.160613418,24.50140381,0.006952346,3,18:51.0,,
5.00E-05,0.244149715,0.092699558,0.001154968,0.150295183,23.79986,0.006945802,3,19:22.2,,
5.00E-05,0.248084038,0.087085322,0.001158318,0.15984039,24.01773071,0.006950086,3,19:53.1,,
5.00E-05,0.233444333,0.085974313,0.001203822,0.146266207,24.2481575,0.006933608,3,20:24.0,,
5.00E-05,0.244375974,0.08473745,0.001187474,0.158451051,24.9084816,0.006947147,3,20:54.9,,
5.00E-05,0.239884332,0.087543495,0.001267691,0.151073143,24.29942131,0.006930835,3,21:25.8,,
5.00E-05,0.258780748,0.096349157,0.001110478,0.161321118,22.59970474,0.006923778,3,21:56.8,,
5.00E-05,0.237935632,0.084270671,0.001180728,0.152484238,24.8342495,0.006938986,3,22:27.7,,
5.00E-05,0.250280648,0.087011307,0.001219302,0.162050039,24.54613686,0.006929199,3,22:58.5,,
5.00E-05,0.247337282,0.085163929,0.001153617,0.161019728,23.85162735,0.006934564,3,23:29.4,,
5.00E-05,0.232626617,0.083819628,0.001147329,0.147659659,24.25278473,0.006928653,3,24:00.3,,
5.00E-05,0.246455431,0.09136489,0.001154044,0.15393649,23.39696693,0.006920798,3,24:33.2,,
5.00E-05,0.241255358,0.0875732,0.001167282,0.152514875,23.38670349,0.00694208,3,25:04.0,,
5.00E-05,0.237987965,0.089450434,0.001274923,0.147262618,24.05703735,0.006941613,3,25:34.8,,
5.00E-05,0.242511302,0.090498157,0.001174303,0.150838852,24.27458572,0.006932464,3,26:05.7,,
5.00E-05,0.245419934,0.087683938,0.001184512,0.15655148,23.81066132,0.006943723,3,26:36.8,,
5.00E-05,0.242854089,0.078357138,0.001103413,0.163393527,24.91123581,0.006932559,3,27:07.5,,
5.00E-05,0.239902258,0.090130597,0.001117867,0.14865379,24.1644001,0.006917351,3,27:38.5,,
5.00E-05,0.236106277,0.083957069,0.001140221,0.151008978,24.14649582,0.006922227,3,28:09.3,,
5.00E-05,0.246067613,0.08824347,0.001097685,0.15672645,24.33804703,0.006925889,3,28:40.3,,
5.00E-05,0.245366991,0.083948702,0.001163519,0.160254776,24.79184151,0.00691774,3,29:11.3,,
5.00E-05,0.251467258,0.086084142,0.001172297,0.164210811,25.07965279,0.00689746,3,29:42.3,,
5.00E-05,0.248582989,0.090111211,0.001110854,0.157360926,24.06769562,0.006889108,3,30:13.2,,
5.00E-05,0.23528263,0.085790902,0.001404589,0.148087129,24.69820786,0.006869298,3,30:44.2,,
5.00E-05,0.249153614,0.09306933,0.001163643,0.154920638,22.9749527,0.006873575,3,31:15.1,,
5.00E-05,0.249249861,0.086823583,0.001136973,0.161289304,23.90873146,0.006858144,3,31:46.2,,
5.00E-05,0.249300033,0.091730118,0.001159891,0.156410024,22.84773827,0.006849559,3,32:17.0,,
5.00E-05,0.247692943,0.086401492,0.001250619,0.160040826,24.5757885,0.006850447,3,32:48.0,,
5.00E-05,0.243894666,0.089604042,0.00115578,0.153134853,23.29399109,0.006844694,3,33:18.8,,
5.00E-05,0.254757375,0.090187959,0.001233037,0.163336381,23.3136158,0.006851022,3,33:49.8,,
5.00E-05,0.248860627,0.090259075,0.001224016,0.157377526,24.20484924,0.006841486,3,34:29.4,,
5.00E-05,0.24869132,0.09828838,0.001257164,0.149145767,22.68645096,0.006829381,3,35:00.6,,
5.00E-05,0.267736167,0.090868808,0.001288417,0.175578952,23.28920555,0.006878168,3,35:31.5,,
5.00E-05,0.252595305,0.087144814,0.001241076,0.164209411,24.78380585,0.006860643,3,36:02.4,,
5.00E-05,0.236768425,0.08591193,0.001317106,0.149539396,23.86972427,0.006865804,3,36:33.2,,
5.00E-05,0.247345358,0.088155627,0.001221086,0.157968655,24.40642548,0.006877646,3,37:04.1,,
5.00E-05,0.244439602,0.08907856,0.001271371,0.154089674,24.59115028,0.006859109,3,37:35.1,,
5.00E-05,0.243068606,0.086083628,0.001294598,0.155690387,24.30169868,0.006872338,3,38:06.0,,
5.00E-05,0.241320759,0.088641174,0.001223472,0.151456103,24.04495621,0.00688646,3,38:36.9,,
5.00E-05,0.252296269,0.08439219,0.00120721,0.166696876,24.665205,0.006881931,3,39:07.8,,
5.00E-05,0.253874213,0.089169621,0.001183922,0.163520679,24.38738823,0.006872496,3,39:38.8,,
5.00E-05,0.233941823,0.084034145,0.001156559,0.148751125,25.46420097,0.006872289,3,40:09.8,,
5.00E-05,0.237280339,0.089381136,0.001223432,0.14667578,23.17991447,0.006879348,3,40:40.7,,
5.00E-05,0.244159013,0.080911539,0.001207604,0.162039861,25.12394714,0.006909634,3,41:11.6,,
5.00E-05,0.25600189,0.092132978,0.001234198,0.16263473,23.46321869,0.006909587,3,41:42.6,,
5.00E-05,0.242773831,0.090908505,0.001213772,0.150651559,23.09830856,0.006901924,3,42:13.5,,
5.00E-05,0.254490644,0.087648399,0.001240386,0.16560185,25.19952011,0.006887249,3,42:44.4,,
5.00E-05,0.249244034,0.081202328,0.001231565,0.16681014,25.03716278,0.006877957,3,43:17.2,,
5.00E-05,0.242970467,0.087523371,0.001182355,0.154264748,24.54897308,0.006887186,3,43:48.1,,
5.00E-05,0.242864743,0.084675476,0.001146989,0.15704228,24.7024231,0.006885531,3,44:18.9,,
5.00E-05,0.247071087,0.089057341,0.001260556,0.156753197,23.51239204,0.006918911,3,44:49.8,,
5.00E-05,0.25259912,0.087672949,0.001246964,0.163679197,23.74452782,0.006928287,3,45:20.9,,
5.00E-05,0.243523896,0.092779428,0.001137025,0.149607435,23.08114624,0.006909763,3,45:51.8,,
5.00E-05,0.23587957,0.085294619,0.0011436,0.149441361,24.34951782,0.006916358,3,46:22.8,,
5.00E-05,0.241159827,0.083177932,0.00117361,0.156808287,25.05952072,0.006911657,3,46:53.8,,
5.00E-05,0.248212278,0.089476861,0.001261281,0.157474145,23.76626778,0.006930144,3,47:24.8,,
5.00E-05,0.247298688,0.089580692,0.001227799,0.156490192,24.1068573,0.006943941,3,47:55.6,,
5.00E-05,0.229909688,0.08247748,0.001230493,0.146201715,25.0930748,0.006934861,3,48:26.6,,
5.00E-05,0.250953317,0.087438375,0.001206674,0.162308261,24.09980392,0.00692534,3,48:57.5,,
5.00E-05,0.247986108,0.091915414,0.00119804,0.154872656,23.95085526,0.006939697,3,49:28.6,,
5.00E-05,0.257126629,0.094391048,0.001143785,0.161591798,23.79275894,0.006942835,3,49:59.5,,
5.00E-05,0.233456358,0.088231668,0.001159563,0.144065127,23.49243927,0.006945448,3,50:30.6,,
5.00E-05,0.24317047,0.085586332,0.001133773,0.156450376,24.56476402,0.006932054,3,51:01.4,,
5.00E-05,0.236110017,0.088736139,0.001149114,0.146224767,23.57042503,0.006930603,3,51:32.4,,
5.00E-05,0.237020224,0.079767659,0.001184032,0.156068534,25.79245377,0.006917578,3,52:03.3,,
5.00E-05,0.254689932,0.092507817,0.001377818,0.160804302,23.81225204,0.006912678,3,52:34.3,,
5.00E-05,0.241685852,0.081785418,0.00131012,0.158590317,24.67886925,0.00690358,3,53:05.3,,
5.00E-05,0.245710954,0.087581992,0.001213608,0.156915352,24.05849838,0.006885688,3,53:36.3,,
5.00E-05,0.244195044,0.091529094,0.001231251,0.151434705,23.66027641,0.006872932,3,54:07.3,,
5.00E-05,0.239640564,0.08109922,0.001232712,0.157308638,25.14815903,0.006873951,3,54:38.2,,
5.00E-05,0.242383987,0.085850269,0.001179705,0.155354008,24.28853226,0.006866606,3,55:09.1,,
5.00E-05,0.243048161,0.091625862,0.001200327,0.150221974,24.06189346,0.006871359,3,55:40.3,,
5.00E-05,0.23424086,0.080360442,0.00117582,0.152704597,24.73628998,0.006875836,3,56:11.4,,
5.00E-05,0.259483308,0.092761844,0.001329351,0.165392116,23.47083664,0.006889324,3,56:42.4,,
5.00E-05,0.239855707,0.086799853,0.001114256,0.151941597,23.93626404,0.006862707,3,57:13.2,,
5.00E-05,0.240634993,0.083109044,0.00121643,0.156309515,24.67982101,0.006870638,3,57:44.3,,
5.00E-05,0.240120575,0.082542017,0.001173454,0.156405106,25.04499626,0.006863559,3,58:15.2,,
5.00E-05,0.236218363,0.08695548,0.00111254,0.14815034,24.3300972,0.006853855,3,58:46.2,,
5.00E-05,0.245396614,0.084981151,0.001131368,0.1592841,24.72306824,0.006851258,3,59:17.2,,
5.00E-05,0.250231147,0.082546785,0.001202994,0.166481376,25.41970253,0.006857114,3,59:48.2,,
,,,,,,,3,00:11.2,0.845308304,15.63282967
5.00E-05,0.239813477,0.080709599,0.00113745,0.15796642,24.49705887,0.006853675,3,00:40.7,,
5.00E-05,0.240933448,0.087820239,0.001117933,0.151995286,24.20830154,0.006838975,3,01:11.7,,
5.00E-05,0.248443484,0.086888634,0.001101037,0.160453811,24.07598305,0.006832439,3,01:42.7,,
5.00E-05,0.259939343,0.089956217,0.001102497,0.168880627,23.22777557,0.006829426,3,02:13.7,,
5.00E-05,0.251795977,0.095833689,0.001149623,0.154812664,22.46159554,0.006850395,3,02:46.6,,
5.00E-05,0.252483219,0.098747432,0.001203889,0.152531892,23.56666374,0.006865814,3,03:17.7,,
5.00E-05,0.246667191,0.096030824,0.001219159,0.149417207,23.11748123,0.006878089,3,03:48.6,,
5.00E-05,0.252684832,0.084452502,0.001180951,0.167051375,23.8922863,0.006884697,3,04:19.6,,
5.00E-05,0.243035182,0.085517086,0.001141508,0.156376585,24.2908268,0.006866279,3,04:50.6,,
5.00E-05,0.244419128,0.080919161,0.001135056,0.162364915,24.66018677,0.006862449,3,05:21.7,,
5.00E-05,0.241994292,0.084226407,0.001124206,0.156643674,24.50855637,0.006870353,3,05:52.7,,
5.00E-05,0.245276585,0.083457135,0.001308333,0.160511121,24.4997139,0.006864959,3,06:23.7,,
5.00E-05,0.251411617,0.088659346,0.001155027,0.161597252,23.97654724,0.006870353,3,06:54.6,,
5.00E-05,0.236094773,0.082585603,0.001204604,0.152304575,24.54724884,0.006874027,3,07:25.6,,
5.00E-05,0.253273666,0.092838779,0.001257737,0.159177139,23.20352936,0.006865375,3,07:56.5,,
5.00E-05,0.249103248,0.089271404,0.001108214,0.158723623,23.75152588,0.006868883,3,08:27.6,,
5.00E-05,0.252813697,0.090120681,0.001261187,0.161431834,23.97294617,0.006868017,3,08:58.5,,
5.00E-05,0.246861845,0.089637265,0.001251228,0.155973345,23.97575378,0.00684756,3,09:29.5,,
5.00E-05,0.251277924,0.091839887,0.001295153,0.158142865,23.38033295,0.006848279,3,10:00.5,,
5.00E-05,0.25049901,0.089632891,0.001235997,0.159630105,24.27565765,0.006835467,3,10:31.4,,
5.00E-05,0.245496511,0.087065235,0.001365809,0.157065466,24.47385025,0.006807399,3,11:02.5,,
5.00E-05,0.251984239,0.085757434,0.001112385,0.165114403,25.10580063,0.006848931,3,11:33.4,,
5.00E-05,0.240758747,0.082514979,0.001173985,0.157069787,25.13011551,0.006848109,3,12:04.5,,
5.00E-05,0.264106274,0.091654785,0.001127866,0.171323627,22.96605301,0.00683815,3,12:35.4,,
5.00E-05,0.242254168,0.081922732,0.001149414,0.159182012,25.23591232,0.006835095,3,13:06.3,,
5.00E-05,0.236578047,0.087861858,0.001240769,0.147475421,24.4943409,0.006827529,3,13:37.3,,
5.00E-05,0.236412197,0.083704822,0.001107873,0.151599512,24.70554543,0.006819036,3,14:08.2,,
5.00E-05,0.238660991,0.083483122,0.001089624,0.154088244,25.0674839,0.006801763,3,14:39.1,,
5.00E-05,0.235840648,0.080137342,0.001215349,0.154487953,25.13543892,0.006795879,3,15:10.1,,
5.00E-05,0.225362182,0.082482748,0.001245519,0.141633913,24.57066345,0.00681705,3,15:41.2,,
5.00E-05,0.247996554,0.082601152,0.001170376,0.164225027,24.90144348,0.006804485,3,16:12.1,,
5.00E-05,0.24586612,0.086958274,0.001144299,0.157763556,24.38833618,0.006825207,3,16:43.4,,
5.00E-05,0.240086123,0.085912958,0.001161782,0.153011382,24.70319557,0.006824267,3,17:14.3,,
5.00E-05,0.217192709,0.084357731,0.00115707,0.131677911,24.19543839,0.006827574,3,17:45.4,,
5.00E-05,0.235446274,0.09275081,0.001264006,0.141431466,23.43812943,0.006818487,3,18:16.3,,
5.00E-05,0.241330326,0.085654087,0.001176485,0.154499754,24.35396194,0.006819437,3,18:47.3,,
5.00E-05,0.25098595,0.093280174,0.001134404,0.156571373,23.46036911,0.006835076,3,19:18.2,,
5.00E-05,0.250243336,0.090985239,0.001275435,0.157982662,23.74618149,0.006838332,3,19:49.4,,
5.00E-05,0.241071224,0.083761379,0.001203198,0.156106651,24.6293602,0.006837618,3,20:20.4,,
5.00E-05,0.252738118,0.092057504,0.001248799,0.1594318,24.03157234,0.006821046,3,20:51.2,,
5.00E-05,0.247213662,0.098373681,0.001240402,0.147599578,22.73574448,0.006800109,3,21:22.2,,
5.00E-05,0.250343889,0.084268689,0.001242336,0.16483286,24.04006577,0.006800349,3,21:55.2,,
5.00E-05,0.241379142,0.081782579,0.001193071,0.158403486,24.45116997,0.006786126,3,22:26.1,,
5.00E-05,0.23650226,0.085054003,0.001186212,0.150262043,24.81761169,0.00678787,3,22:57.1,,
5.00E-05,0.242673978,0.089089029,0.001120757,0.152464196,22.85574341,0.006792882,3,23:28.1,,
5.00E-05,0.234815061,0.081918687,0.001188012,0.151708364,25.68196106,0.006795969,3,23:59.1,,
5.00E-05,0.245028362,0.082504243,0.001224087,0.161300033,24.80613708,0.006785272,3,24:30.1,,
5.00E-05,0.25458169,0.095252857,0.00120818,0.158120662,23.35046959,0.00677489,3,25:01.0,,
5.00E-05,0.245224833,0.09052372,0.00110052,0.153600603,24.207901,0.006775707,3,25:31.9,,
5.00E-05,0.246730164,0.090832956,0.001241898,0.154655308,24.02817917,0.00679816,3,26:02.9,,
5.00E-05,0.253302932,0.089052014,0.001109136,0.163141772,23.84126663,0.006804851,3,26:43.1,,
5.00E-05,0.238639444,0.085093349,0.00106882,0.152477279,24.61445045,0.006803567,3,27:14.2,,
5.00E-05,0.259336889,0.08599107,0.001123998,0.172221839,24.54858398,0.006794577,3,27:45.1,,
5.00E-05,0.231657103,0.083380409,0.001186837,0.147089854,24.83131599,0.006796446,3,28:16.2,,
5.00E-05,0.230885327,0.083828174,0.001231599,0.145825565,25.25470734,0.00678554,3,28:47.1,,
5.00E-05,0.253243178,0.087234668,0.0010724,0.16493611,23.51167488,0.006785135,3,29:18.1,,
5.00E-05,0.240298867,0.080450453,0.001410119,0.158438295,25.85290146,0.006787485,3,29:48.9,,
5.00E-05,0.25662303,0.093229078,0.001180891,0.162213042,23.57802963,0.006777682,3,30:19.9,,
5.00E-05,0.228034019,0.084747948,0.001175711,0.142110363,24.16176987,0.006774515,3,30:50.8,,
5.00E-05,0.240175486,0.085192226,0.001190873,0.153792396,24.2786808,0.006763867,3,31:21.9,,
5.00E-05,0.234023064,0.086015776,0.001190687,0.146816596,24.52573013,0.006735104,3,31:52.8,,
5.00E-05,0.245416611,0.090160407,0.001113001,0.154143214,23.78372383,0.006739098,3,32:23.9,,
5.00E-05,0.243413001,0.088752471,0.001094033,0.153566495,22.62621689,0.006765586,3,32:54.7,,
5.00E-05,0.246670574,0.088589154,0.001139255,0.156942174,24.22236633,0.006760546,3,33:25.8,,
5.00E-05,0.253480554,0.085746109,0.001177452,0.166556999,23.63567734,0.006770644,3,33:56.7,,
5.00E-05,0.248222202,0.089410201,0.0012227,0.157589301,23.93408966,0.006770724,3,34:27.6,,
5.00E-05,0.254446059,0.091359749,0.001093562,0.161992759,23.23507118,0.006760636,3,34:58.5,,
5.00E-05,0.254645765,0.086117677,0.001181611,0.167346463,24.67895699,0.006764199,3,35:29.5,,
5.00E-05,0.246643707,0.091734134,0.001118803,0.153790772,23.79063797,0.006765863,3,36:00.5,,
5.00E-05,0.253148258,0.090931207,0.001228811,0.160988256,24.04859924,0.006779324,3,36:31.6,,
5.00E-05,0.256487638,0.090721183,0.001175877,0.164590582,23.77190781,0.006766612,3,37:02.6,,
5.00E-05,0.247079149,0.092916556,0.001220815,0.152941778,23.7113266,0.006771474,3,37:34.0,,
5.00E-05,0.234275609,0.082694024,0.001214385,0.1503672,25.08751106,0.006771896,3,38:04.9,,
5.00E-05,0.244567975,0.088541664,0.00110412,0.154922187,24.07469559,0.006745283,3,38:36.0,,
5.00E-05,0.237349272,0.084485844,0.000985318,0.151878119,24.56308746,0.006762864,3,39:06.9,,
5.00E-05,0.24339056,0.086679943,0.00115943,0.15555118,23.93686295,0.006795862,3,39:38.0,,
5.00E-05,0.246949181,0.081527971,0.001137176,0.164284036,25.26546097,0.006800829,3,40:08.9,,
5.00E-05,0.241998285,0.08876247,0.001202055,0.152033761,23.84244728,0.006795004,3,40:41.8,,
5.00E-05,0.257657856,0.091926798,0.001096317,0.164634734,23.24808502,0.006795425,3,41:12.7,,
5.00E-05,0.226942778,0.087524623,0.001075619,0.138342544,23.65073967,0.006776968,3,41:43.7,,
5.00E-05,0.247880906,0.093643956,0.001115678,0.153121278,22.96575165,0.006768319,3,42:14.6,,
5.00E-05,0.241518527,0.079477377,0.001156571,0.160884574,25.40637779,0.006767931,3,42:45.6,,
5.00E-05,0.262185514,0.091162533,0.001081698,0.169941276,23.76147461,0.006768517,3,43:16.7,,
5.00E-05,0.235178798,0.082150266,0.001167958,0.151860565,25.02625465,0.006758738,3,43:47.8,,
5.00E-05,0.244658142,0.08230982,0.001105772,0.16124256,24.3404541,0.006777495,3,44:18.8,,
5.00E-05,0.238812596,0.086385831,0.001216745,0.151210025,23.74661636,0.006758064,3,44:49.7,,
5.00E-05,0.24226141,0.080369294,0.001119551,0.160772562,25.53391647,0.006776189,3,45:20.7,,
5.00E-05,0.234195709,0.079003863,0.001138485,0.15405336,24.88325882,0.006783676,3,45:52.1,,
5.00E-05,0.234842867,0.084807195,0.001343055,0.148692608,24.37389374,0.006795837,3,46:23.0,,
5.00E-05,0.229483604,0.07693927,0.001130688,0.151413649,25.91267776,0.006801306,3,46:54.1,,
5.00E-05,0.241524205,0.086219504,0.001139266,0.154165432,24.80424118,0.006785265,3,47:25.1,,
5.00E-05,0.240629762,0.089418359,0.00116481,0.150046587,23.37410927,0.006780633,3,47:56.1,,
5.00E-05,0.239519268,0.083608575,0.001145336,0.154765353,24.51591682,0.006773605,3,48:27.1,,
5.00E-05,0.233115405,0.08542908,0.001159486,0.146526843,24.53309822,0.006781125,3,48:58.2,,
5.00E-05,0.255066097,0.090634055,0.001166129,0.163265899,23.76677322,0.006783868,3,49:29.1,,
5.00E-05,0.24509193,0.088138163,0.00109325,0.155860513,24.14697456,0.006774975,3,50:00.2,,
5.00E-05,0.234348089,0.088522933,0.00116578,0.144659385,23.82213211,0.006759707,3,50:31.2,,
5.00E-05,0.24875702,0.093067229,0.001124398,0.154565394,22.85017776,0.006735232,3,51:02.2,,
5.00E-05,0.263220131,0.085960098,0.001159137,0.176100895,24.2955246,0.006741617,3,51:33.2,,
5.00E-05,0.235330731,0.080242775,0.001147209,0.153940737,25.49445343,0.006751734,3,52:04.2,,
5.00E-05,0.251123607,0.09171699,0.001138376,0.158268258,24.07608986,0.006754233,3,52:35.2,,
5.00E-05,0.23264426,0.082838401,0.00115291,0.148652956,25.03234863,0.006749955,3,53:06.2,,
5.00E-05,0.242953062,0.088410594,0.001202495,0.153339967,24.75053406,0.006739911,3,53:37.1,,
5.00E-05,0.241934001,0.0855828,0.001137033,0.155214161,24.40857697,0.006749723,3,54:08.1,,
5.00E-05,0.24633418,0.086227119,0.001138243,0.158968821,23.4437542,0.006755612,3,54:39.0,,
5.00E-05,0.237496376,0.080167226,0.00110354,0.156225607,25.2634964,0.006749755,3,55:10.1,,
5.00E-05,0.237121552,0.087447233,0.001186887,0.148487434,24.32915497,0.006753022,3,55:41.1,,
5.00E-05,0.261300802,0.092805736,0.001142065,0.167352989,24.00893402,0.006736132,3,56:12.0,,
5.00E-05,0.250335962,0.093305334,0.001104275,0.155926362,23.57558823,0.006737886,3,56:42.9,,
5.00E-05,0.242750287,0.084932923,0.001141753,0.156675622,24.72738647,0.006749172,3,57:14.0,,
5.00E-05,0.241015762,0.081141807,0.001101584,0.158772364,24.75356102,0.00675406,3,57:45.0,,
5.00E-05,0.23759602,0.086351849,0.001072741,0.150171429,24.35645676,0.006740588,3,58:16.3,,
5.00E-05,0.248173788,0.093564689,0.001147808,0.153461292,23.09312439,0.006749591,3,58:47.2,,
5.00E-05,0.243076473,0.090714388,0.001190964,0.151171118,22.92795181,0.006760788,3,59:20.1,,
5.00E-05,0.254831284,0.087555833,0.001137517,0.166137934,23.82359314,0.006745167,3,59:51.0,,
5.00E-05,0.240215555,0.08565864,0.001077174,0.15347974,24.88542747,0.0067611,3,00:22.0,,
5.00E-05,0.247448802,0.087080225,0.001205604,0.159162983,24.72345543,0.006755828,3,00:52.8,,
5.00E-05,0.23265484,0.082998194,0.001076351,0.148580298,25.00195313,0.006750675,3,01:23.8,,
5.00E-05,0.230975777,0.080827884,0.001117422,0.149030477,24.9419384,0.006753132,3,01:54.8,,
5.00E-05,0.245463222,0.080273643,0.001041687,0.164147884,25.30262375,0.006787042,3,02:25.8,,
5.00E-05,0.248979017,0.089026861,0.001159974,0.158792183,23.60031319,0.006773637,3,02:56.6,,
5.00E-05,0.234396368,0.086877115,0.001129526,0.146389723,24.36773491,0.006773091,3,03:27.6,,
5.00E-05,0.246176586,0.0834646,0.001107536,0.161604449,24.90773964,0.006745463,3,03:58.6,,
5.00E-05,0.248912603,0.089372523,0.001108815,0.158431262,23.64328194,0.006741041,3,04:29.5,,
5.00E-05,0.241765112,0.082076989,0.001134764,0.158553362,25.64923096,0.006750878,3,05:00.5,,
5.00E-05,0.242692426,0.087317578,0.001126758,0.154248089,23.59932137,0.006733707,3,05:31.5,,
5.00E-05,0.254600972,0.090281464,0.001106826,0.163212672,24.19506264,0.006731736,3,06:02.5,,
5.00E-05,0.242138177,0.091420643,0.001126603,0.149590939,23.64566612,0.006745559,3,06:33.6,,
5.00E-05,0.239153534,0.087193504,0.001155396,0.150804624,24.07069969,0.006740279,3,07:04.5,,
5.00E-05,0.241121024,0.084155902,0.001106945,0.155858174,24.31811333,0.006726269,3,07:35.5,,
5.00E-05,0.255378067,0.085596658,0.001202978,0.168578431,24.35396385,0.006719812,3,08:06.4,,
5.00E-05,0.25031814,0.089753717,0.001179171,0.159385249,23.86837006,0.00671848,3,08:37.4,,
5.00E-05,0.241021454,0.085131161,0.001212054,0.15467824,24.61371994,0.006710322,3,09:08.3,,
5.00E-05,0.243695915,0.08567629,0.001157835,0.156861797,24.40123558,0.00670852,3,09:39.2,,
5.00E-05,0.227862209,0.079202928,0.001202521,0.14745675,25.41199875,0.006695415,3,10:10.2,,
5.00E-05,0.234765917,0.090695992,0.001133887,0.142936036,23.40613174,0.006696774,3,10:41.1,,
5.00E-05,0.249594629,0.090211645,0.001113947,0.158269048,24.30819511,0.006695734,3,11:12.0,,
5.00E-05,0.250038683,0.086503915,0.001111472,0.162423298,23.98438263,0.006691964,3,11:43.0,,
5.00E-05,0.24851042,0.081641667,0.001162342,0.165706411,25.10826302,0.006693789,3,12:13.9,,
5.00E-05,0.236477226,0.081879519,0.001178784,0.153418913,25.41779709,0.006656067,3,12:44.9,,
5.00E-05,0.24578768,0.084698811,0.001118364,0.159970507,24.56038666,0.00668651,3,13:15.7,,
5.00E-05,0.238517776,0.089235567,0.001254521,0.148027688,23.76128387,0.006692657,3,13:46.8,,
5.00E-05,0.240898997,0.084935687,0.001109022,0.154854298,24.19896698,0.006703397,3,14:17.6,,
5.00E-05,0.244020686,0.086813875,0.001136566,0.156070247,24.13180542,0.006720447,3,14:48.6,,
5.00E-05,0.244917884,0.085682534,0.001096318,0.158139035,24.53390884,0.006721876,3,15:19.6,,
5.00E-05,0.24728024,0.09215647,0.00118226,0.153941512,23.46413422,0.006711057,3,15:50.7,,
5.00E-05,0.247122973,0.090641394,0.001123335,0.15535824,23.53507233,0.006713055,3,16:21.6,,
5.00E-05,0.24854736,0.084704719,0.001140841,0.1627018,24.14950371,0.006706633,3,16:52.6,,
5.00E-05,0.239630431,0.08401408,0.001279097,0.154337242,24.95736313,0.006692166,3,17:23.6,,
5.00E-05,0.233261645,0.083520472,0.001213185,0.14852798,24.92583275,0.006705466,3,17:54.6,,
5.00E-05,0.237453118,0.084007911,0.001163136,0.152282074,25.23118019,0.006690835,3,18:36.1,,
5.00E-05,0.237442791,0.083021238,0.001166027,0.153255522,25.28374481,0.006715331,3,19:07.3,,
5.00E-05,0.240324646,0.082620896,0.001114178,0.156589583,24.96445465,0.006738596,3,19:38.2,,
5.00E-05,0.244292915,0.087575391,0.00123202,0.155485496,23.46769524,0.006777058,3,20:09.2,,
5.00E-05,0.252282023,0.082991421,0.001263346,0.168027252,25.31394577,0.006796157,3,20:40.2,,
5.00E-05,0.239715621,0.086669125,0.001199926,0.151846573,24.06694603,0.006799856,3,21:11.2,,
5.00E-05,0.228637785,0.080263652,0.001187748,0.147186384,25.06785202,0.006805721,3,21:42.1,,
5.00E-05,0.242366076,0.090641633,0.001261063,0.150463387,23.26978874,0.006803135,3,22:13.1,,
5.00E-05,0.239924207,0.080440111,0.001196925,0.158287168,25.46032906,0.006794272,3,22:43.9,,
5.00E-05,0.249957085,0.080896042,0.001230075,0.167830974,24.93192673,0.006806776,3,23:15.0,,
5.00E-05,0.24564141,0.085758649,0.001186365,0.158696398,24.38493538,0.006792007,3,23:45.8,,
5.00E-05,0.239937901,0.084918015,0.001136021,0.153883874,24.23354149,0.006815389,3,24:16.7,,
5.00E-05,0.239284337,0.081980772,0.00123306,0.156070501,25.03109932,0.006814808,3,24:47.5,,
5.00E-05,0.242649734,0.085897855,0.001184464,0.155567408,24.10589409,0.006840589,3,25:18.6,,
5.00E-05,0.233761564,0.08244592,0.001220253,0.150095388,25.17258835,0.006822104,3,25:49.5,,
5.00E-05,0.244567692,0.079626985,0.001247231,0.163693473,25.93735886,0.006800732,3,26:20.6,,
5.00E-05,0.261752665,0.091667719,0.001155964,0.168928966,23.82946205,0.006808259,3,26:51.5,,
5.00E-05,0.238687068,0.083530605,0.001249109,0.153907359,23.92242432,0.006803817,3,27:22.4,,
5.00E-05,0.238405824,0.086758316,0.001253024,0.150394484,24.28281593,0.006822201,3,27:53.3,,
5.00E-05,0.243574739,0.088725537,0.001236365,0.153612837,24.24296379,0.006828284,3,28:24.4,,
5.00E-05,0.249266282,0.085763991,0.001328081,0.16217421,24.70303535,0.006793417,3,28:55.2,,
5.00E-05,0.248757839,0.08512684,0.001245375,0.162385628,24.10395432,0.006795795,3,29:26.4,,
5.00E-05,0.252333701,0.093831539,0.001277165,0.157224998,23.9287529,0.006798219,3,29:57.2,,
5.00E-05,0.241861939,0.085402973,0.00130445,0.155154511,24.83459091,0.006816501,3,30:28.2,,
5.00E-05,0.247830719,0.088346958,0.001225267,0.158258483,23.82697678,0.006821977,3,30:59.1,,
5.00E-05,0.235922948,0.089754753,0.001302992,0.1448652,24.06138992,0.00680235,3,31:30.2,,
5.00E-05,0.236814648,0.082785077,0.001195586,0.152833983,25.0297451,0.006799759,3,32:01.1,,
5.00E-05,0.24398908,0.089313351,0.001371174,0.153304562,24.04995728,0.006818968,3,32:32.1,,
5.00E-05,0.232734337,0.087860823,0.00109355,0.143779963,23.56464577,0.006807181,3,33:03.0,,
5.00E-05,0.240557969,0.091417231,0.001215428,0.147925302,23.76484108,0.006816692,3,33:34.2,,
5.00E-05,0.263144314,0.095593095,0.001275181,0.166276023,23.44425201,0.006818724,3,34:05.2,,
5.00E-05,0.240382254,0.085601225,0.001159495,0.153621525,24.48538017,0.006830387,3,34:36.2,,
5.00E-05,0.247913241,0.087349109,0.001266176,0.159297958,23.82772255,0.006791953,3,35:07.1,,
5.00E-05,0.248853236,0.080333062,0.001195006,0.167325169,25.09502602,0.006803252,3,35:38.0,,
5.00E-05,0.250835866,0.085389525,0.001173734,0.164272606,24.92690277,0.006796235,3,36:08.7,,
5.00E-05,0.243650988,0.078526758,0.001120994,0.164003238,25.45315552,0.006792306,3,36:39.6,,
5.00E-05,0.254603684,0.090809129,0.001187193,0.162607357,23.53573227,0.00678521,3,37:12.5,,
5.00E-05,0.252236098,0.08781562,0.001174988,0.163245499,23.91962242,0.006775707,3,37:43.5,,
5.00E-05,0.255964458,0.0833527,0.001141532,0.17147021,25.04759789,0.006781141,3,38:14.4,,
5.00E-05,0.248121381,0.089464366,0.001151448,0.157505572,23.86902237,0.006795027,3,38:45.5,,
5.00E-05,0.245713115,0.085416324,0.001293012,0.159003779,24.29401398,0.006788498,3,39:16.4,,
5.00E-05,0.242825031,0.085999876,0.001145551,0.155679613,24.10863876,0.006806529,3,39:47.7,,
5.00E-05,0.248494044,0.084865876,0.001258513,0.162369654,24.94589043,0.006807354,3,40:18.5,,
5.00E-05,0.239500418,0.079040729,0.001255463,0.15920423,25.94852448,0.006793932,3,40:49.6,,
5.00E-05,0.239770055,0.083134323,0.001161435,0.15547429,24.95012283,0.0067911,3,41:20.5,,
5.00E-05,0.252115488,0.086090215,0.001173824,0.164851442,24.35373688,0.006799807,3,41:51.6,,
5.00E-05,0.234997809,0.086694658,0.001297717,0.147005439,24.45430565,0.00678598,3,42:22.5,,
5.00E-05,0.237093881,0.08490248,0.001221386,0.150970012,24.70897484,0.006794729,3,42:53.4,,
5.00E-05,0.255856991,0.086917706,0.001276567,0.167662725,23.52167511,0.006822497,3,43:24.4,,
5.00E-05,0.249836832,0.089234799,0.001180375,0.159421667,23.27524185,0.006821147,3,43:55.4,,
,,,,,,,3,44:18.5,0.846206844,15.55021095
5.00E-05,0.254821718,0.084920488,0.001180225,0.16872099,24.25596619,0.006775394,3,44:47.9,,
5.00E-05,0.232620209,0.0838551,0.001276088,0.147489026,24.72649574,0.006806691,3,45:19.0,,
5.00E-05,0.239635706,0.083460972,0.001270328,0.154904395,23.99780273,0.006807507,3,45:49.9,,
5.00E-05,0.248507738,0.088168152,0.001195131,0.159144446,23.64959335,0.006807237,3,46:20.9,,
5.00E-05,0.250414282,0.083204091,0.001160632,0.166049555,24.83572388,0.006815113,3,46:51.8,,
5.00E-05,0.242591202,0.083705299,0.001237132,0.157648772,24.60848999,0.006797104,3,47:22.9,,
5.00E-05,0.237492323,0.087906279,0.001254381,0.148331672,23.67736626,0.006792571,3,47:53.9,,
5.00E-05,0.242632389,0.091445968,0.001205465,0.149980947,23.42987442,0.006760478,3,48:25.0,,
5.00E-05,0.219992176,0.078638569,0.001221966,0.140131637,25.54214478,0.006772052,3,48:55.9,,
5.00E-05,0.247444898,0.087642856,0.00119297,0.158609062,24.2881279,0.006773336,3,49:27.0,,
5.00E-05,0.259800315,0.092160963,0.001292656,0.166346714,23.47852707,0.006772924,3,49:57.9,,
5.00E-05,0.245145768,0.085186787,0.001208436,0.158750534,24.14066505,0.006799369,3,50:28.8,,
5.00E-05,0.249573082,0.091355577,0.001187125,0.157030389,23.05427361,0.006802678,3,50:59.7,,
5.00E-05,0.247825995,0.085086226,0.001226291,0.161513478,24.2904377,0.006788553,3,51:30.7,,
5.00E-05,0.237726808,0.079397611,0.001170188,0.157159016,25.69977951,0.006772642,3,52:01.7,,
5.00E-05,0.244562954,0.089136116,0.001153962,0.154272869,23.9445076,0.006773607,3,52:32.8,,
5.00E-05,0.234827384,0.080845512,0.001229593,0.15275228,25.22649002,0.006778538,3,53:03.8,,
5.00E-05,0.232465178,0.078205064,0.001221456,0.153038651,25.65994072,0.006771418,3,53:34.9,,
5.00E-05,0.239841193,0.083672464,0.001162519,0.1550062,24.79153442,0.006774712,3,54:05.8,,
5.00E-05,0.243044734,0.084070452,0.001201378,0.157772914,23.6512146,0.006758209,3,54:36.9,,
5.00E-05,0.236023486,0.08355847,0.001290129,0.151174888,24.80876541,0.006770662,3,55:07.8,,
5.00E-05,0.218766958,0.082698777,0.001256413,0.134811759,24.57740784,0.006785465,3,55:38.8,,
5.00E-05,0.229065359,0.077600434,0.001143823,0.150321111,25.40376282,0.006757558,3,56:09.7,,
5.00E-05,0.252383471,0.082750492,0.001200718,0.168432251,24.98051071,0.006771676,3,56:42.8,,
5.00E-05,0.254804134,0.090194799,0.001237597,0.163371727,23.34226418,0.00678564,3,57:13.7,,
5.00E-05,0.25260222,0.083129689,0.001269971,0.168202564,24.86304855,0.006768978,3,57:44.8,,
5.00E-05,0.25935182,0.094508551,0.001198985,0.163644284,23.12597275,0.006769478,3,58:15.7,,
5.00E-05,0.243748873,0.086412467,0.001273102,0.156063303,23.64250183,0.006766281,3,58:46.7,,
5.00E-05,0.224537149,0.076802753,0.001113525,0.14662087,26.14710045,0.006776347,3,59:17.6,,
5.00E-05,0.226722002,0.081487492,0.00127333,0.143961176,24.66778946,0.006779104,3,59:48.7,,
5.00E-05,0.228770643,0.08608526,0.001201593,0.141483784,24.24914932,0.00677808,3,00:19.6,,
5.00E-05,0.247946888,0.093451142,0.001324552,0.153171197,22.53483963,0.006765831,3,00:50.9,,
5.00E-05,0.237727731,0.086824887,0.001234874,0.149667963,24.66658401,0.006777578,3,01:21.9,,
5.00E-05,0.249562353,0.090106525,0.001220671,0.158235148,22.78643417,0.006750945,3,01:52.9,,
5.00E-05,0.237692863,0.089813344,0.001253425,0.1466261,24.42887878,0.006744321,3,02:23.8,,
5.00E-05,0.235163823,0.080755673,0.001249007,0.153159142,25.00449944,0.006756112,3,02:54.8,,
5.00E-05,0.259591132,0.0906481,0.001219874,0.167723149,22.46597481,0.006756227,3,03:25.8,,
5.00E-05,0.2463938,0.085987799,0.001234245,0.159171745,24.18737793,0.006732712,3,03:56.8,,
5.00E-05,0.257795513,0.087905779,0.001194977,0.168694764,24.55521584,0.006738898,3,04:27.8,,
5.00E-05,0.241567612,0.086283073,0.001138247,0.154146299,24.2849369,0.006733129,3,04:58.7,,
5.00E-05,0.24860099,0.093222708,0.001354048,0.154024228,23.97899628,0.006712209,3,05:29.7,,
5.00E-05,0.257421583,0.087146617,0.001191919,0.169083044,23.72039986,0.006706591,3,06:00.7,,
5.00E-05,0.244106621,0.089551799,0.001273159,0.153281659,23.58322334,0.006717961,3,06:31.7,,
5.00E-05,0.226017803,0.08185672,0.001204494,0.142956585,25.23806,0.00671985,3,07:02.7,,
5.00E-05,0.234737501,0.086129032,0.00133357,0.147274897,24.53657913,0.006701981,3,07:33.6,,
5.00E-05,0.246497244,0.090104803,0.0012475,0.155144945,23.58977127,0.006707909,3,08:04.7,,
5.00E-05,0.236981243,0.082085699,0.001136678,0.153758869,24.36154556,0.006725172,3,08:35.5,,
5.00E-05,0.237669647,0.090416372,0.001206941,0.14604634,23.85236359,0.006734214,3,09:06.5,,
5.00E-05,0.254079521,0.088552319,0.00117244,0.164354771,24.07144928,0.006721671,3,09:37.5,,
5.00E-05,0.239704251,0.086311638,0.00119038,0.152202234,23.6725502,0.006724514,3,10:08.5,,
5.00E-05,0.238602713,0.079582661,0.001196292,0.157823756,25.74694633,0.006732869,3,10:48.5,,
5.00E-05,0.24920392,0.085908055,0.001354242,0.161941618,24.30950165,0.00673449,3,11:19.5,,
5.00E-05,0.249408334,0.081135362,0.001224883,0.167048097,24.0525856,0.006742405,3,11:50.4,,
5.00E-05,0.235946566,0.083495066,0.001273552,0.151177943,24.82644844,0.006732841,3,12:21.5,,
5.00E-05,0.255201101,0.08926037,0.001222641,0.164718106,23.64356041,0.006723091,3,12:52.3,,
5.00E-05,0.247881323,0.087307751,0.001265041,0.159308523,23.96443176,0.006729965,3,13:23.4,,
5.00E-05,0.241879702,0.07902994,0.001245379,0.16160439,25.31648827,0.006714358,3,13:54.3,,
5.00E-05,0.241264939,0.090312764,0.001179836,0.149772331,24.14882851,0.00669146,3,14:25.4,,
5.00E-05,0.245379597,0.087184578,0.001224586,0.156970426,24.13040543,0.006685454,3,14:56.3,,
5.00E-05,0.249926969,0.088543981,0.001164929,0.16021806,23.40446472,0.006673103,3,15:27.4,,
5.00E-05,0.240996718,0.086827144,0.001252497,0.152917072,24.05731964,0.006667932,3,15:58.3,,
5.00E-05,0.25419417,0.087581702,0.001189488,0.165422976,23.96038055,0.006644736,3,16:31.2,,
5.00E-05,0.243359476,0.089745402,0.001280839,0.152333245,23.83176422,0.006659308,3,17:02.1,,
5.00E-05,0.248281717,0.08050444,0.001175929,0.166601345,25.23369789,0.006645357,3,17:33.2,,
5.00E-05,0.253141612,0.090499669,0.001148083,0.161493853,23.79426193,0.006643168,3,18:04.2,,
5.00E-05,0.239575818,0.083573677,0.001196884,0.154805258,24.50561905,0.006647899,3,18:35.2,,
5.00E-05,0.238238484,0.087381929,0.001216491,0.149640068,24.34401512,0.006646346,3,19:06.2,,
5.00E-05,0.239122838,0.086081691,0.001061043,0.151980102,23.82357788,0.006652916,3,19:37.2,,
5.00E-05,0.255150199,0.085857183,0.001181354,0.168111667,23.84763336,0.006637699,3,20:08.0,,
5.00E-05,0.253046989,0.0881804,0.001237339,0.163629234,24.12726593,0.006637554,3,20:38.9,,
,,,,,,,,,,
5.00E-05,0.295414209,0.125292644,0.002208958,0.167912588,21.55707932,0.00694987,4,01:48.0,,
5.00E-05,0.307408929,0.123028561,0.002209506,0.182170853,21.69327927,0.007013764,4,02:22.5,,
5.00E-05,0.30298841,0.128964692,0.002482142,0.171541557,20.9285202,0.007130596,4,02:57.7,,
5.00E-05,0.289611399,0.120980509,0.002477336,0.166153565,21.48946381,0.007178879,4,03:33.5,,
5.00E-05,0.294474721,0.130058408,0.002452738,0.161963582,20.98297119,0.007260792,4,04:09.7,,
5.00E-05,0.298309773,0.118263029,0.002547452,0.177499294,21.75614357,0.00733928,4,04:45.7,,
5.00E-05,0.292770118,0.122994751,0.002523112,0.167252257,21.44343376,0.007360946,4,05:22.1,,
5.00E-05,0.28902337,0.116266266,0.002334998,0.170422107,22.43068695,0.007408116,4,05:58.6,,
5.00E-05,0.290876269,0.129747778,0.002446272,0.158682212,20.86356926,0.007466664,4,06:35.2,,
5.00E-05,0.284438699,0.115542427,0.002504359,0.166391909,22.32377625,0.007513946,4,07:11.8,,
5.00E-05,0.283179969,0.116474561,0.002394152,0.16431126,22.04141998,0.007562389,4,07:48.5,,
5.00E-05,0.286878586,0.118957534,0.002375005,0.16554603,21.81560516,0.007602453,4,08:25.3,,
5.00E-05,0.280382246,0.116756409,0.002384724,0.161241114,22.10784531,0.00763627,4,09:02.2,,
5.00E-05,0.291500866,0.115234114,0.002473826,0.173792914,22.10704041,0.007673809,4,09:39.2,,
5.00E-05,0.285584539,0.117444061,0.002635627,0.165504843,21.71149826,0.007716237,4,10:16.2,,
5.00E-05,0.291125685,0.122780226,0.002718149,0.165627316,21.7387867,0.007724178,4,10:53.1,,
5.00E-05,0.288737774,0.115493186,0.002694087,0.170550495,22.32693863,0.007759924,4,11:30.2,,
5.00E-05,0.2827048,0.110849231,0.002363046,0.169492513,22.51029968,0.007767713,4,12:07.1,,
5.00E-05,0.277093232,0.10942544,0.002474535,0.165193275,22.68262672,0.007806377,4,12:44.2,,
5.00E-05,0.28832078,0.111424685,0.002506467,0.174389616,22.2831707,0.007837495,4,13:40.0,,
5.00E-05,0.259165615,0.096775271,0.00217441,0.160215944,23.38934708,0.007920403,4,14:31.8,,
5.00E-05,0.246201634,0.093339399,0.001852774,0.151009455,24.1936779,0.007890233,4,15:23.8,,
5.00E-05,0.24574253,0.094661579,0.001982512,0.149098441,24.02647781,0.007868254,4,16:15.6,,
5.00E-05,0.242992774,0.087495275,0.001781438,0.153716058,23.45899963,0.007866156,4,17:07.8,,
5.00E-05,0.257724166,0.096190989,0.001851827,0.159681365,23.07088661,0.007870039,4,17:59.6,,
5.00E-05,0.244247675,0.089423217,0.001681884,0.153142571,23.7514534,0.007848756,4,18:51.5,,
5.00E-05,0.239953548,0.091192722,0.001710126,0.147050694,24.1290493,0.00783556,4,19:43.6,,
5.00E-05,0.244704813,0.089977436,0.001679738,0.153047636,23.8087616,0.007828176,4,20:35.7,,
5.00E-05,0.235619485,0.087227374,0.001476471,0.146915644,24.5347023,0.007826993,4,21:27.7,,
5.00E-05,0.246224701,0.087393291,0.001656395,0.157175004,24.79112244,0.007820483,4,22:19.7,,
5.00E-05,0.245748952,0.092908606,0.001706435,0.15113391,23.33054352,0.007796516,4,23:13.8,,
5.00E-05,0.253340244,0.087194763,0.001449535,0.164695963,24.39154625,0.007796055,4,24:05.7,,
5.00E-05,0.241874084,0.090146974,0.001627611,0.150099501,24.31600952,0.007781956,4,24:58.0,,
5.00E-05,0.248402834,0.087570347,0.001598461,0.159234032,24.32617378,0.007776448,4,25:50.1,,
5.00E-05,0.250337869,0.094622061,0.001516913,0.1541989,23.16162491,0.007793167,4,26:41.9,,
5.00E-05,0.234384418,0.083452202,0.001436606,0.149495617,24.89357948,0.007789173,4,27:33.9,,
5.00E-05,0.246082991,0.090134837,0.001564643,0.15438351,23.76746178,0.007761903,4,28:26.0,,
5.00E-05,0.250283182,0.088742629,0.001557086,0.159983471,23.75231934,0.007757723,4,29:18.1,,
5.00E-05,0.250531554,0.086932227,0.001529714,0.162069604,24.45701599,0.007766209,4,30:10.3,,
5.00E-05,0.25788638,0.091538481,0.001448045,0.164899856,24.0983181,0.007751314,4,31:02.3,,
5.00E-05,0.258302033,0.095576398,0.00163105,0.161094591,22.78585625,0.007744944,4,31:54.9,,
5.00E-05,0.244268864,0.086815998,0.001427063,0.156025797,25.14629555,0.00772725,4,32:47.3,,
5.00E-05,0.242114902,0.090044975,0.001464382,0.150605544,23.6356926,0.007697208,4,33:39.5,,
5.00E-05,0.250906587,0.087339506,0.001527692,0.162039399,24.09507942,0.007678319,4,34:31.6,,
5.00E-05,0.232909143,0.082860455,0.001427998,0.14862068,24.53954506,0.007653736,4,35:23.5,,
5.00E-05,0.252015233,0.088300429,0.00143377,0.162281051,24.05410576,0.007655684,4,36:15.4,,
5.00E-05,0.247736737,0.088165067,0.001474281,0.158097386,23.93232727,0.007647384,4,37:07.6,,
5.00E-05,0.247958049,0.094143257,0.001422377,0.152392417,23.73979378,0.00763583,4,37:59.9,,
5.00E-05,0.243840978,0.08247412,0.001370017,0.159996837,24.91007042,0.007601731,4,38:52.2,,
5.00E-05,0.259081125,0.089617014,0.001346642,0.168117478,23.0624752,0.007581424,4,39:44.2,,
5.00E-05,0.232017025,0.08291401,0.001378823,0.147724196,24.40192032,0.007576971,4,40:36.4,,
5.00E-05,0.223926425,0.081565008,0.001473329,0.14088808,24.92788315,0.007561116,4,41:28.6,,
5.00E-05,0.247169226,0.090905108,0.001405307,0.154858813,23.43286133,0.007556037,4,42:20.8,,
5.00E-05,0.228303164,0.085451566,0.001408906,0.141442701,23.73822021,0.007540475,4,43:12.9,,
5.00E-05,0.247695118,0.081840277,0.001430623,0.164424211,25.16105843,0.007532891,4,44:04.9,,
5.00E-05,0.251341522,0.086833335,0.001501786,0.16300641,24.84201241,0.007530255,4,44:57.1,,
5.00E-05,0.25278455,0.089188367,0.001301049,0.162295133,24.11211777,0.007535643,4,45:49.4,,
5.00E-05,0.232477605,0.093564093,0.001355001,0.137558505,23.4094429,0.007537914,4,46:41.6,,
5.00E-05,0.232423902,0.082510926,0.001414311,0.148498669,25.13432503,0.007518139,4,47:33.8,,
5.00E-05,0.253705233,0.088884562,0.001401727,0.163418949,24.74527168,0.007523081,4,48:25.9,,
5.00E-05,0.230776489,0.084938943,0.001381492,0.144456059,24.535532,0.007491639,4,49:17.9,,
5.00E-05,0.249719754,0.086250663,0.001408961,0.162060127,24.94721222,0.007479193,4,50:10.0,,
5.00E-05,0.247745275,0.091211371,0.001326595,0.155207306,22.79486084,0.007455479,4,51:02.2,,
5.00E-05,0.248009354,0.089064017,0.001258797,0.157686532,24.10264778,0.007452863,4,51:54.2,,
5.00E-05,0.243282557,0.084053084,0.00140114,0.157828331,24.94196129,0.00743241,4,52:46.2,,
5.00E-05,0.260614336,0.092197739,0.00139927,0.167017326,23.33167076,0.007418485,4,53:37.9,,
5.00E-05,0.235995442,0.085482255,0.001316579,0.14919661,23.87653351,0.007417749,4,54:29.9,,
5.00E-05,0.235176027,0.085941873,0.001347662,0.147886485,24.21593857,0.007418651,4,55:24.2,,
5.00E-05,0.240536571,0.086362019,0.001364836,0.152809724,23.56562805,0.007396095,4,56:16.4,,
5.00E-05,0.242317304,0.089592636,0.001412628,0.151312038,24.01268196,0.007406068,4,57:08.6,,
5.00E-05,0.262567341,0.089191422,0.001323734,0.172052175,23.98370743,0.007380818,4,58:00.7,,
5.00E-05,0.243800476,0.090800412,0.001394773,0.151605293,23.87785721,0.007398222,4,58:52.6,,
5.00E-05,0.248271227,0.08617907,0.001407955,0.160684213,24.55407333,0.007412833,4,59:44.5,,
5.00E-05,0.250617981,0.089256451,0.001411643,0.159949884,23.86200142,0.007410911,4,00:36.5,,
5.00E-05,0.243705094,0.092593096,0.001433671,0.149678335,23.50048065,0.007394149,4,01:28.7,,
5.00E-05,0.249355912,0.085086018,0.001391814,0.162878081,24.6190033,0.007389577,4,02:20.8,,
5.00E-05,0.240433931,0.079915799,0.001356288,0.159161851,25.39012718,0.007387016,4,03:13.0,,
5.00E-05,0.243092835,0.087277755,0.001345658,0.15446943,24.74053574,0.007374761,4,04:05.1,,
5.00E-05,0.253921986,0.086622819,0.001310528,0.165988624,24.32081223,0.007352849,4,04:57.2,,
5.00E-05,0.245540857,0.094997548,0.001338112,0.149205208,22.89709854,0.007345031,4,05:49.2,,
5.00E-05,0.250359595,0.085947998,0.001340141,0.163071454,24.15969467,0.00734714,4,06:41.4,,
5.00E-05,0.251063406,0.087879218,0.001292575,0.161891609,24.56066322,0.00733227,4,07:33.5,,
5.00E-05,0.246592164,0.095477916,0.001392458,0.149721786,23.21131706,0.00732041,4,08:25.5,,
5.00E-05,0.249109358,0.096513577,0.001410444,0.151185334,22.94130707,0.007320759,4,09:17.5,,
5.00E-05,0.243032515,0.090791084,0.001373545,0.150867894,24.15098381,0.007312982,4,10:09.5,,
5.00E-05,0.246000186,0.084557898,0.001275009,0.160167277,24.69407082,0.007333931,4,11:01.7,,
5.00E-05,0.247708052,0.083733089,0.001211103,0.162763864,24.44249916,0.00732607,4,11:53.9,,
5.00E-05,0.246637642,0.085680105,0.001244956,0.159712583,24.03396797,0.007323883,4,12:46.1,,
5.00E-05,0.242996544,0.083232149,0.001377546,0.158386856,25.12949944,0.007316103,4,13:38.4,,
5.00E-05,0.243846416,0.082010001,0.001328355,0.160508052,25.15678024,0.007307004,4,14:30.5,,
5.00E-05,0.237600088,0.085223339,0.00129276,0.151083991,23.87654877,0.007285347,4,15:22.6,,
5.00E-05,0.254041255,0.086762592,0.001351492,0.165927172,24.09178925,0.007295877,4,16:14.6,,
5.00E-05,0.256306797,0.089154385,0.001453363,0.16569905,23.39067459,0.007265675,4,17:06.4,,
5.00E-05,0.224066556,0.083731562,0.001261052,0.139073953,23.95442009,0.007271252,4,17:58.3,,
5.00E-05,0.242102936,0.08156319,0.001276878,0.159262866,24.43450737,0.007253021,4,18:50.5,,
5.00E-05,0.246776745,0.089614719,0.001374694,0.155787334,23.70882797,0.007255428,4,19:42.6,,
5.00E-05,0.235817164,0.083934151,0.001231218,0.150651798,24.73692131,0.007244511,4,20:34.8,,
5.00E-05,0.248087034,0.094577342,0.001409559,0.152100131,23.00031853,0.007255622,4,21:26.9,,
5.00E-05,0.235727623,0.085874654,0.001352614,0.148500353,23.91018867,0.007248132,4,22:18.9,,
5.00E-05,0.233165994,0.089867346,0.001211126,0.142087519,24.1337204,0.007223854,4,23:11.1,,
5.00E-05,0.249258265,0.095392346,0.001306759,0.152559161,23.3170166,0.007231675,4,24:03.3,,
5.00E-05,0.249492109,0.087445296,0.001234279,0.160812542,24.03924561,0.007215847,4,24:55.4,,
5.00E-05,0.24357149,0.085012391,0.001340251,0.157218859,24.73988342,0.007208392,4,25:47.7,,
5.00E-05,0.263348252,0.097601466,0.001425023,0.164321765,22.43764114,0.007228286,4,26:41.8,,
5.00E-05,0.252862692,0.087045901,0.001250979,0.164565831,24.39566612,0.007243472,4,27:34.0,,
5.00E-05,0.243172124,0.090263776,0.001301612,0.151606739,23.60509682,0.007234199,4,28:26.3,,
5.00E-05,0.245125592,0.084386796,0.001270572,0.159468219,24.83019638,0.007225181,4,29:18.3,,
5.00E-05,0.244604409,0.088011399,0.001418058,0.155174956,24.72490692,0.007213445,4,30:10.4,,
5.00E-05,0.244862005,0.085176013,0.001281953,0.158404037,24.8785553,0.007231264,4,31:02.4,,
5.00E-05,0.241585344,0.089340627,0.001433421,0.1508113,24.44148636,0.007199552,4,31:54.5,,
5.00E-05,0.257019639,0.089414887,0.00132751,0.16627726,23.8242836,0.007200381,4,32:46.4,,
5.00E-05,0.259409428,0.092776999,0.001431302,0.165201113,23.22257042,0.00718219,4,33:38.4,,
5.00E-05,0.253203511,0.0865096,0.001234762,0.165459141,23.95188904,0.007180312,4,34:30.5,,
5.00E-05,0.240977392,0.084198669,0.001260385,0.155518338,24.93107986,0.007194241,4,35:22.3,,
5.00E-05,0.232484043,0.087643459,0.001376616,0.143463969,24.39181519,0.007196714,4,36:14.5,,
5.00E-05,0.242735714,0.084869206,0.001359988,0.156506523,24.35120583,0.007177534,4,37:06.6,,
5.00E-05,0.240127593,0.086720042,0.001225398,0.152182147,24.29708672,0.007167967,4,37:58.6,,
5.00E-05,0.245732725,0.086529054,0.001326429,0.157877252,24.37065315,0.007177318,4,38:50.5,,
5.00E-05,0.234034806,0.082153089,0.001315396,0.150566325,24.79993439,0.007165082,4,39:42.5,,
5.00E-05,0.273712397,0.096692957,0.001257189,0.175762266,22.47458649,0.007160252,4,40:53.2,,
5.00E-05,0.25523895,0.088873431,0.001345631,0.16501987,24.70874596,0.007137281,4,41:45.6,,
5.00E-05,0.252831548,0.091144852,0.001280543,0.160406157,23.74742126,0.007111805,4,42:37.3,,
5.00E-05,0.245880708,0.087680459,0.001231137,0.156969115,23.70275116,0.007092411,4,43:29.4,,
5.00E-05,0.245052129,0.088410713,0.001303909,0.155337498,23.33754349,0.0070912,4,44:21.0,,
5.00E-05,0.239856303,0.083421946,0.001213463,0.155220896,24.70483589,0.007088506,4,45:12.9,,
5.00E-05,0.23416619,0.088755302,0.00132062,0.144090265,24.31392288,0.007070776,4,46:04.8,,
5.00E-05,0.239138573,0.091994584,0.001443623,0.145700365,22.97992325,0.007066852,4,46:56.7,,
5.00E-05,0.239296764,0.078409925,0.001286856,0.159599975,25.30901909,0.0070295,4,47:48.5,,
5.00E-05,0.233539209,0.087599948,0.001217735,0.144721523,24.0295372,0.007036116,4,48:40.3,,
5.00E-05,0.253712624,0.09342473,0.001166281,0.159121618,22.66344833,0.007001451,4,49:32.3,,
5.00E-05,0.244296059,0.086840495,0.001297922,0.156157643,23.99259567,0.006978469,4,50:24.4,,
5.00E-05,0.233030885,0.087002322,0.001273275,0.144755289,23.68819237,0.006979411,4,51:16.2,,
5.00E-05,0.241010934,0.089761101,0.001234086,0.150015756,23.66153526,0.006965247,4,52:08.1,,
5.00E-05,0.253060818,0.091204561,0.00129327,0.160562992,23.1269989,0.006946338,4,53:00.0,,
5.00E-05,0.244797856,0.083973378,0.001149515,0.159674972,24.94013786,0.006962996,4,53:52.0,,
5.00E-05,0.230849758,0.084470205,0.001400333,0.144979224,24.53209877,0.006966812,4,54:44.0,,
5.00E-05,0.226534367,0.086133078,0.001200442,0.139200851,24.56483841,0.006964972,4,55:35.8,,
5.00E-05,0.252578944,0.090856291,0.001176923,0.160545722,23.2279892,0.006935049,4,56:27.5,,
5.00E-05,0.242924869,0.080780275,0.001416926,0.160727665,25.20498085,0.006942468,4,57:19.4,,
5.00E-05,0.248928279,0.089146353,0.001310639,0.158471286,23.08940125,0.006956209,4,58:11.3,,
5.00E-05,0.255505323,0.090173312,0.001252005,0.164080009,24.13741875,0.006957967,4,59:05.1,,
5.00E-05,0.248983651,0.092567831,0.001337949,0.155077875,23.17262268,0.006956807,4,59:57.3,,
5.00E-05,0.22421965,0.084111281,0.001162567,0.138945803,24.15168571,0.006949774,4,00:49.0,,
5.00E-05,0.265501678,0.089917414,0.001263772,0.174320504,24.13261795,0.006948263,4,01:41.1,,
5.00E-05,0.25252521,0.085301541,0.001178045,0.166045636,24.79076195,0.006947368,4,02:33.2,,
5.00E-05,0.239010781,0.086455494,0.001163616,0.15139167,24.02570915,0.006930926,4,03:25.1,,
5.00E-05,0.245843798,0.084822811,0.001254289,0.159766689,23.83184052,0.006933598,4,04:17.1,,
5.00E-05,0.245995328,0.089722618,0.001275775,0.154996932,23.91895485,0.006936783,4,05:09.0,,
5.00E-05,0.240014464,0.081235014,0.001142711,0.157636732,24.85710526,0.006943861,4,06:00.9,,
5.00E-05,0.240003645,0.079810344,0.001155011,0.15903829,25.25701714,0.006926404,4,06:52.7,,
5.00E-05,0.246500403,0.083073117,0.001297486,0.162129804,24.39814568,0.006913222,4,07:44.7,,
5.00E-05,0.239141822,0.087919988,0.001214759,0.150007069,24.76658821,0.006907489,4,08:36.6,,
5.00E-05,0.252344042,0.089678444,0.001135361,0.161530226,23.5986805,0.006916183,4,09:28.5,,
5.00E-05,0.239792809,0.088583186,0.00124866,0.149960965,23.72937775,0.006898095,4,10:20.3,,
5.00E-05,0.241005987,0.082423858,0.001108113,0.157474011,24.34051704,0.006925935,4,11:12.1,,
5.00E-05,0.238479227,0.085831165,0.001276662,0.15137139,23.70722771,0.006918387,4,12:04.0,,
5.00E-05,0.246740073,0.088479117,0.00131288,0.156948075,23.60832596,0.006911034,4,12:56.0,,
5.00E-05,0.247934967,0.085714668,0.00108942,0.16113089,24.71918106,0.006903551,4,13:47.6,,
5.00E-05,0.241285622,0.084172748,0.001159368,0.155953512,24.99292564,0.006882591,4,14:39.4,,
5.00E-05,0.245147467,0.085899986,0.001287021,0.15796046,24.43490601,0.006852675,4,15:31.3,,
5.00E-05,0.238031238,0.082337424,0.001177574,0.15451625,24.88259888,0.006844808,4,16:23.2,,
5.00E-05,0.246230751,0.084044278,0.001163469,0.161023006,24.59952545,0.006843686,4,17:15.1,,
5.00E-05,0.246785402,0.082657643,0.001151014,0.162976742,24.70280647,0.00685065,4,18:07.0,,
5.00E-05,0.244844884,0.082291536,0.001293794,0.161259562,25.0548172,0.006841561,4,18:58.8,,
5.00E-05,0.245157242,0.093415655,0.001195536,0.150546044,23.13689041,0.00682418,4,19:51.1,,
5.00E-05,0.22934629,0.078124717,0.001186389,0.150035188,25.70316124,0.006798732,4,20:42.7,,
5.00E-05,0.24498263,0.084124833,0.001122299,0.159735501,24.65929413,0.006791749,4,21:34.8,,
5.00E-05,0.243759632,0.08515539,0.00107552,0.157528713,24.25323486,0.006793066,4,22:26.4,,
5.00E-05,0.241884202,0.084659398,0.001219167,0.156005636,24.56276703,0.006798889,4,23:18.2,,
5.00E-05,0.242765665,0.086313434,0.001197109,0.155255124,24.73282242,0.006808591,4,24:10.0,,
5.00E-05,0.241498679,0.0916453,0.001117207,0.148736164,23.32082748,0.006806338,4,25:01.9,,
5.00E-05,0.247073978,0.088778362,0.001129501,0.157166108,23.66478157,0.00679761,4,25:53.9,,
5.00E-05,0.241499424,0.087196589,0.001152659,0.153150171,24.60120773,0.006790871,4,26:45.7,,
5.00E-05,0.230745018,0.077958375,0.001129676,0.15165697,25.06564903,0.006800748,4,27:37.5,,
5.00E-05,0.232768282,0.081107214,0.001235082,0.150425985,25.12129974,0.006807192,4,28:29.4,,
5.00E-05,0.256085068,0.093546055,0.001265683,0.16127333,22.45298004,0.006799411,4,29:21.5,,
5.00E-05,0.23781082,0.080703139,0.001175693,0.155931994,25.14263344,0.006791878,4,30:13.2,,
5.00E-05,0.242729321,0.091223329,0.001294494,0.150211498,23.34935379,0.006817066,4,31:06.9,,
5.00E-05,0.242584884,0.082296416,0.001120676,0.159167781,25.53893089,0.006789019,4,31:59.0,,
5.00E-05,0.238978297,0.084162362,0.001193899,0.153622046,24.81713486,0.006779625,4,32:50.8,,
5.00E-05,0.246830106,0.089451157,0.001261716,0.156117231,23.81045532,0.006770947,4,33:42.8,,
5.00E-05,0.242381558,0.090772584,0.001277137,0.15033184,23.53666115,0.006747274,4,34:34.6,,
5.00E-05,0.260661334,0.090552531,0.00117345,0.168935344,23.65137482,0.006769539,4,35:26.9,,
5.00E-05,0.246045172,0.085320592,0.001295064,0.159429505,24.9572773,0.00677156,4,36:18.9,,
5.00E-05,0.232526749,0.08023905,0.001138319,0.151149377,24.89874077,0.006752991,4,37:11.2,,
5.00E-05,0.241131872,0.081572652,0.001222952,0.158336267,24.24042511,0.0067484,4,38:03.1,,
5.00E-05,0.245779559,0.085638799,0.00118592,0.158954844,24.11988449,0.006741839,4,38:55.3,,
5.00E-05,0.253762901,0.093106724,0.001120777,0.159535393,23.46765709,0.006745602,4,39:47.2,,
5.00E-05,0.245503932,0.084725849,0.001287028,0.159491062,24.74827766,0.006754047,4,40:39.4,,
5.00E-05,0.247389197,0.086693846,0.001137561,0.15955779,23.67246628,0.006745981,4,41:31.4,,
5.00E-05,0.255342185,0.086639158,0.001301745,0.167401299,23.83392143,0.006753818,4,42:23.1,,
5.00E-05,0.239117771,0.091729335,0.001189875,0.146198556,23.84560013,0.006743427,4,43:15.2,,
5.00E-05,0.248311847,0.093544371,0.001145156,0.153622314,23.6068306,0.006735615,4,44:07.0,,
5.00E-05,0.238677114,0.086213253,0.001175862,0.151287988,23.62147522,0.006731489,4,44:59.0,,
5.00E-05,0.244368702,0.085000545,0.001097756,0.158270404,24.01585388,0.006744016,4,45:51.0,,
5.00E-05,0.250475168,0.08692836,0.001141947,0.162404865,23.79455948,0.006729153,4,46:42.7,,
5.00E-05,0.243464589,0.083664499,0.001170815,0.158629283,24.4491806,0.006728039,4,47:34.7,,
5.00E-05,0.238301903,0.084881254,0.001153007,0.152267635,24.06778526,0.00672818,4,48:26.6,,
5.00E-05,0.249084443,0.086702049,0.001146546,0.161235854,24.60242271,0.006723617,4,49:18.8,,
5.00E-05,0.247196436,0.082082927,0.001150198,0.163963303,25.23499298,0.006716154,4,50:10.5,,
,,,,,,,4,50:51.0,0.842229605,15.57446003
5.00E-05,0.232757449,0.080868989,0.001159662,0.150728792,24.69700813,0.006702605,4,51:42.0,,
5.00E-05,0.233965799,0.079199225,0.001189199,0.153577372,24.66036987,0.006707458,4,52:34.0,,
5.00E-05,0.239275247,0.08591222,0.001114864,0.152248159,24.07972717,0.006693975,4,53:25.8,,
5.00E-05,0.259098589,0.086256199,0.001138737,0.171703637,24.27980423,0.006701243,4,54:17.6,,
5.00E-05,0.243896574,0.087757625,0.001114496,0.155024454,23.9908371,0.006707286,4,55:09.2,,
5.00E-05,0.248375043,0.093134247,0.001181535,0.154059261,23.54758072,0.006690321,4,56:01.1,,
5.00E-05,0.247564524,0.083769925,0.001055643,0.162738964,24.20489883,0.006686762,4,56:52.7,,
5.00E-05,0.257629156,0.090413809,0.001149406,0.166065931,23.43656349,0.006687769,4,57:44.8,,
5.00E-05,0.242963418,0.083577417,0.001226032,0.158159971,24.68942451,0.006700732,4,58:36.5,,
5.00E-05,0.241008371,0.088205129,0.001135933,0.151667312,24.51612854,0.006695444,4,59:28.5,,
5.00E-05,0.243680924,0.083380461,0.00121691,0.15908356,25.24419022,0.006674618,4,00:20.4,,
5.00E-05,0.26479736,0.098738603,0.001165202,0.164893553,22.62174797,0.006679649,4,01:12.4,,
5.00E-05,0.244040161,0.086454555,0.001126403,0.156459197,24.39159203,0.00668872,4,02:04.4,,
5.00E-05,0.234760553,0.08298371,0.001166482,0.150610358,25.40476036,0.006684664,4,02:56.2,,
5.00E-05,0.25451529,0.091360323,0.001130913,0.162024066,23.8911705,0.006693212,4,03:50.1,,
5.00E-05,0.253833205,0.089879841,0.001216142,0.162737221,24.14211464,0.006655898,4,04:42.1,,
5.00E-05,0.230423078,0.084766105,0.001076671,0.144580305,24.27666664,0.006671574,4,05:34.2,,
5.00E-05,0.245987669,0.080630906,0.001170228,0.164186537,25.76235771,0.006681175,4,06:26.1,,
5.00E-05,0.238158733,0.090703718,0.0012167,0.146238312,23.11610031,0.006666132,4,07:18.1,,
5.00E-05,0.253848195,0.093659535,0.001269779,0.158918872,23.67032242,0.006660353,4,08:28.7,,
5.00E-05,0.249508113,0.081142634,0.001279532,0.167085946,25.81076813,0.006660448,4,09:20.8,,
5.00E-05,0.239631578,0.086482666,0.001234808,0.151914105,24.40494347,0.006644813,4,10:12.5,,
5.00E-05,0.238317013,0.083333239,0.001083657,0.153900117,24.66321182,0.006657854,4,11:04.7,,
5.00E-05,0.23262766,0.083489254,0.001246657,0.147891745,24.58394623,0.006675844,4,11:56.7,,
5.00E-05,0.242120445,0.076713823,0.001162913,0.164243698,25.3980732,0.006669547,4,12:48.6,,
5.00E-05,0.235938549,0.084808379,0.001198519,0.149931654,24.62255478,0.00670202,4,13:40.5,,
5.00E-05,0.240986243,0.087064162,0.001134708,0.152787372,23.56395912,0.006716811,4,14:32.3,,
5.00E-05,0.248841882,0.086311132,0.00124826,0.161282495,23.68683624,0.006684466,4,15:24.2,,
5.00E-05,0.241744563,0.08674559,0.001425653,0.153573319,25.03438759,0.006685971,4,16:16.4,,
5.00E-05,0.236777142,0.081955828,0.001190372,0.153630942,24.82708359,0.006684377,4,17:08.0,,
5.00E-05,0.252488911,0.089923121,0.00113593,0.161429867,22.81341743,0.006696781,4,18:00.1,,
5.00E-05,0.238140374,0.08551041,0.00127662,0.151353344,24.32117271,0.006697778,4,18:52.2,,
5.00E-05,0.24143672,0.086453535,0.001107484,0.153875694,23.89543724,0.00670297,4,19:44.0,,
5.00E-05,0.24754557,0.085059471,0.001256559,0.161229536,24.26927185,0.006682449,4,20:36.2,,
5.00E-05,0.228654563,0.083128639,0.001231154,0.144294769,24.406147,0.006679821,4,21:28.2,,
5.00E-05,0.236038208,0.089857996,0.001150926,0.145029292,24.25437737,0.006660438,4,22:19.8,,
5.00E-05,0.251691848,0.08625295,0.001223478,0.164215416,23.78433609,0.006659146,4,23:11.4,,
5.00E-05,0.242060095,0.08967825,0.00123441,0.151147425,23.81233406,0.00665521,4,24:03.0,,
5.00E-05,0.242885351,0.086179629,0.001096733,0.155608997,23.96294403,0.006650347,4,24:54.5,,
5.00E-05,0.255485952,0.091683552,0.001135399,0.162667006,22.83925629,0.006650936,4,25:46.0,,
5.00E-05,0.256685138,0.09102159,0.001226914,0.164436638,22.81804848,0.006653829,4,26:37.8,,
5.00E-05,0.231141225,0.084398903,0.001206151,0.145536169,23.78392792,0.006641302,4,27:29.2,,
5.00E-05,0.234803244,0.083783515,0.001222515,0.149797216,24.88874245,0.006639788,4,28:20.5,,
5.00E-05,0.242889792,0.086835869,0.00115893,0.154894993,24.25762177,0.006624782,4,29:12.5,,
5.00E-05,0.244944185,0.088263005,0.001207211,0.155473977,23.76372147,0.006612339,4,30:04.4,,
5.00E-05,0.247020841,0.077777378,0.001057147,0.168186307,25.63149261,0.006618199,4,30:56.5,,
5.00E-05,0.240424737,0.085698642,0.001133835,0.153592259,24.81437874,0.006612569,4,31:48.2,,
5.00E-05,0.244761944,0.08728952,0.001154347,0.156318083,23.75793076,0.00662495,4,32:39.9,,
5.00E-05,0.25106895,0.087715328,0.001187096,0.162166521,23.96507263,0.00660705,4,33:31.3,,
5.00E-05,0.238911673,0.086303294,0.001138437,0.151469946,24.03665924,0.006601879,4,34:22.9,,
5.00E-05,0.242165565,0.085339554,0.001206827,0.155619189,24.17516899,0.006608134,4,35:14.4,,
5.00E-05,0.24104552,0.082346313,0.001203487,0.157495722,24.94774246,0.006593117,4,36:07.7,,
5.00E-05,0.235090926,0.081005529,0.001112284,0.152973115,25.48440552,0.0066319,4,36:59.2,,
5.00E-05,0.23553656,0.084139869,0.001138839,0.150257856,24.77623177,0.006624308,4,37:50.4,,
5.00E-05,0.258307725,0.088449858,0.001198993,0.168658882,24.21852875,0.006612957,4,38:42.4,,
5.00E-05,0.237944156,0.086090267,0.001142318,0.150711566,24.40363121,0.00659966,4,39:34.4,,
5.00E-05,0.242861047,0.081244044,0.00116339,0.160453618,24.97970963,0.006608027,4,40:26.2,,
5.00E-05,0.239291579,0.085336305,0.001139592,0.152815685,24.3865509,0.006608594,4,41:18.4,,
5.00E-05,0.250505745,0.094912119,0.001138685,0.154454932,23.02804565,0.006602934,4,42:10.5,,
5.00E-05,0.240101278,0.080503121,0.001169241,0.158428922,24.98422432,0.006602061,4,43:02.6,,
5.00E-05,0.228253633,0.082001448,0.001191537,0.145060658,25.55298615,0.006583087,4,43:54.3,,
5.00E-05,0.248267591,0.08596807,0.001254896,0.161044627,24.16012573,0.006574021,4,44:46.3,,
5.00E-05,0.240534812,0.088078626,0.00121813,0.151238054,23.6607132,0.006576507,4,45:38.5,,
5.00E-05,0.232420519,0.086999275,0.001141946,0.144279301,24.23734856,0.006568356,4,46:30.4,,
5.00E-05,0.253222942,0.089743085,0.001179796,0.16230005,23.38106155,0.006565898,4,47:22.3,,
5.00E-05,0.244197741,0.081465483,0.001299825,0.16143243,25.26531029,0.006570642,4,48:14.2,,
5.00E-05,0.240894556,0.084650442,0.001099031,0.155145094,24.12585258,0.006565303,4,49:05.9,,
5.00E-05,0.238323659,0.082224511,0.001178232,0.154920921,24.89742279,0.006562568,4,49:58.1,,
5.00E-05,0.241387576,0.083509825,0.001064059,0.156813696,24.4860611,0.006553633,4,50:49.9,,
5.00E-05,0.23875016,0.088764295,0.001208994,0.148776874,23.8518734,0.00655478,4,51:42.0,,
5.00E-05,0.238354757,0.081861235,0.00140702,0.155086502,25.29590225,0.006560111,4,52:33.7,,
5.00E-05,0.22973837,0.080178842,0.001069203,0.148490325,24.59695625,0.006544178,4,53:25.4,,
5.00E-05,0.230637237,0.084235758,0.001160548,0.145240933,24.18207359,0.006529565,4,54:17.2,,
5.00E-05,0.243175909,0.086473733,0.001199517,0.155502662,23.7753067,0.006548728,4,55:09.0,,
5.00E-05,0.238700703,0.085395612,0.00111552,0.152189568,24.09822464,0.006541401,4,56:01.2,,
5.00E-05,0.238302588,0.083770938,0.001226875,0.153304771,24.35105133,0.00655123,4,56:52.9,,
5.00E-05,0.234603778,0.086326838,0.001133951,0.147142991,24.19785309,0.006548026,4,57:44.6,,
5.00E-05,0.249831513,0.084651366,0.001115919,0.164064229,24.23585129,0.006568932,4,58:36.6,,
5.00E-05,0.242920637,0.080332518,0.001123706,0.161464423,25.21762657,0.006535614,4,59:28.6,,
5.00E-05,0.242655158,0.082191475,0.001106032,0.159357652,24.90765572,0.00652775,4,00:20.4,,
5.00E-05,0.235526174,0.081772611,0.001158334,0.152595237,25.24971008,0.006522379,4,01:12.8,,
5.00E-05,0.241491556,0.08478073,0.001060999,0.155649826,24.27768707,0.006516793,4,02:04.9,,
5.00E-05,0.234965101,0.083053358,0.001213453,0.150698289,24.78982735,0.006510733,4,02:56.6,,
5.00E-05,0.249896288,0.083665833,0.001221787,0.165008664,25.20186424,0.0064875,4,03:48.6,,
5.00E-05,0.234654456,0.078171991,0.001220157,0.155262306,25.79727364,0.006466147,4,04:40.7,,
5.00E-05,0.235133618,0.082882345,0.001144228,0.151107043,24.58877373,0.006464128,4,05:32.5,,
5.00E-05,0.244229913,0.086171217,0.001190625,0.15686807,23.86458588,0.006473863,4,06:24.5,,
5.00E-05,0.254649639,0.088783868,0.001259752,0.16460602,24.34041977,0.006468661,4,07:18.2,,
5.00E-05,0.232366443,0.082717456,0.001136378,0.148512617,24.66825294,0.006480887,4,08:10.1,,
5.00E-05,0.254944324,0.090432927,0.001061118,0.163450286,23.85460663,0.00650023,4,09:02.3,,
5.00E-05,0.238108829,0.084093891,0.001143242,0.152871698,25.00711632,0.00651368,4,09:54.2,,
5.00E-05,0.239273518,0.083868824,0.001134559,0.154270142,24.63217926,0.00650939,4,10:46.0,,
5.00E-05,0.236854136,0.083953366,0.001142855,0.151757926,24.90298462,0.006498073,4,11:38.1,,
5.00E-05,0.254826397,0.089111909,0.001059404,0.164655089,24.09935951,0.006498374,4,12:30.0,,
5.00E-05,0.255879998,0.090706035,0.001212073,0.163961902,23.82520485,0.0064881,4,13:21.8,,
5.00E-05,0.232042342,0.08048629,0.001124332,0.150431722,25.16741943,0.006468012,4,14:13.7,,
5.00E-05,0.247846782,0.079714917,0.001072392,0.167059481,25.22849274,0.006486433,4,15:05.7,,
5.00E-05,0.243376672,0.087933578,0.001149205,0.15429388,24.03033447,0.006487367,4,15:57.5,,
5.00E-05,0.235473931,0.082113676,0.001084798,0.152275458,24.83446884,0.00650092,4,16:49.8,,
5.00E-05,0.243584633,0.089154959,0.00116601,0.153263673,24.14196014,0.006495753,4,17:41.6,,
5.00E-05,0.258051217,0.087994732,0.001133956,0.168922529,23.4610672,0.006505035,4,18:33.3,,
5.00E-05,0.249984875,0.085690647,0.001137402,0.163156822,23.7957077,0.00650552,4,19:25.4,,
5.00E-05,0.240560949,0.080400422,0.001081112,0.159079418,25.42283058,0.006519671,4,20:17.1,,
5.00E-05,0.248085216,0.087593079,0.001179291,0.159312844,24.51823807,0.006492393,4,21:09.1,,
5.00E-05,0.237424314,0.084423251,0.001114941,0.15188612,24.41522217,0.006493659,4,22:00.9,,
5.00E-05,0.234304681,0.084454075,0.001207949,0.148642659,25.1652832,0.006478848,4,22:52.9,,
5.00E-05,0.247734517,0.089179374,0.001159352,0.15739578,23.95631409,0.006487741,4,23:44.3,,
5.00E-05,0.241988957,0.079188175,0.001123968,0.161676809,24.82816696,0.0064669,4,24:36.3,,
5.00E-05,0.241998434,0.090034433,0.001100853,0.150863156,23.06817055,0.006459232,4,25:27.8,,
5.00E-05,0.248016387,0.08556661,0.001051572,0.161398202,23.85461426,0.006459906,4,26:19.8,,
5.00E-05,0.247961849,0.087466121,0.001153493,0.159342244,23.33795166,0.006485774,4,27:11.5,,
5.00E-05,0.242957965,0.08371006,0.001265737,0.157982171,24.69346809,0.00647675,4,28:03.4,,
5.00E-05,0.240021124,0.083863817,0.001199579,0.154957727,24.13706207,0.006487546,4,28:55.1,,
5.00E-05,0.24628067,0.088001005,0.001161929,0.157117739,24.03646851,0.006458215,4,29:47.1,,
5.00E-05,0.231964916,0.077846311,0.001202064,0.152916536,25.34482574,0.006453453,4,30:38.9,,
5.00E-05,0.241512597,0.086956292,0.00116693,0.153389379,24.17233658,0.006451389,4,31:30.9,,
5.00E-05,0.241130382,0.086679868,0.001181956,0.153268561,24.45414352,0.00647128,4,32:22.8,,
5.00E-05,0.249768823,0.085930564,0.001165274,0.162672982,24.22040176,0.006482061,4,33:14.8,,
5.00E-05,0.238684282,0.086001605,0.001221534,0.151461139,24.15514755,0.006489855,4,34:06.7,,
5.00E-05,0.241785586,0.082212962,0.001199831,0.15837279,24.56168175,0.006500819,4,35:17.0,,
5.00E-05,0.248575985,0.082765564,0.00121592,0.164594501,24.90322304,0.006501297,4,36:09.0,,
5.00E-05,0.235859782,0.083820239,0.001282839,0.150756702,23.9769249,0.006505858,4,37:01.0,,
5.00E-05,0.232263193,0.082974724,0.001124328,0.148164138,24.47273445,0.006524563,4,37:52.9,,
5.00E-05,0.24319309,0.080152847,0.001285845,0.1617544,25.17071915,0.006528992,4,38:44.8,,
5.00E-05,0.250891685,0.087787434,0.001318802,0.161785439,24.68420982,0.006537905,4,39:38.7,,
5.00E-05,0.244515628,0.086517103,0.001292068,0.156706467,23.41284561,0.00654065,4,40:30.5,,
5.00E-05,0.246635169,0.083126441,0.001219244,0.162289485,25.20290184,0.006523194,4,41:22.3,,
5.00E-05,0.236587912,0.084508784,0.00123417,0.150844961,24.65810013,0.006550652,4,42:14.2,,
5.00E-05,0.244730264,0.088354692,0.00128847,0.155087098,24.03039169,0.006537665,4,43:05.9,,
5.00E-05,0.241638362,0.080018811,0.00122836,0.160391182,25.43881607,0.006549522,4,43:57.7,,
5.00E-05,0.238395274,0.080818519,0.001187464,0.156389281,25.34188271,0.006537073,4,44:49.8,,
5.00E-05,0.251046628,0.085938983,0.001152411,0.163955227,23.59226608,0.006534994,4,45:41.5,,
5.00E-05,0.242275059,0.087911941,0.001282185,0.153080925,24.14774704,0.00651647,4,46:33.3,,
5.00E-05,0.240924761,0.083668321,0.001270103,0.155986339,24.36569214,0.006519746,4,47:25.2,,
5.00E-05,0.238657996,0.08679679,0.00117412,0.150687084,23.82663345,0.006532343,4,48:17.4,,
5.00E-05,0.258176744,0.091153085,0.001241604,0.165782049,22.83488846,0.006528843,4,49:09.3,,
5.00E-05,0.233727843,0.080565281,0.001172402,0.15199016,25.37768173,0.006546731,4,50:01.2,,
5.00E-05,0.24508974,0.081744209,0.001197137,0.162148401,24.96322823,0.006550078,4,50:53.2,,
5.00E-05,0.236505151,0.080471717,0.001177549,0.154855892,25.4973774,0.006529441,4,51:45.0,,
5.00E-05,0.236145452,0.085268252,0.001179018,0.149698183,24.14897156,0.006521048,4,52:36.8,,
5.00E-05,0.22852841,0.07953921,0.001301383,0.147687808,25.20028687,0.006546412,4,53:28.8,,
5.00E-05,0.249444187,0.084500469,0.001205834,0.163737893,24.73871613,0.006565119,4,54:20.9,,
5.00E-05,0.2434614,0.090908393,0.001193572,0.151359439,23.63682556,0.006532141,4,55:12.5,,
5.00E-05,0.242703781,0.090652078,0.001259224,0.15079248,23.62263489,0.006534807,4,56:04.7,,
5.00E-05,0.2222078,0.079542421,0.001268695,0.141396686,25.05388069,0.006513426,4,56:56.4,,
5.00E-05,0.241862833,0.083187543,0.00124059,0.157434702,24.59248543,0.006480816,4,57:48.4,,
5.00E-05,0.241097167,0.087219276,0.001227966,0.152649924,23.77878189,0.006484671,4,58:40.3,,
5.00E-05,0.237176448,0.078608766,0.001166957,0.157400727,25.52173805,0.00649648,4,59:32.0,,
5.00E-05,0.251551032,0.094086118,0.00124575,0.156219155,23.25397301,0.006500065,4,00:24.3,,
5.00E-05,0.246480107,0.08078967,0.001089074,0.164601356,25.49799347,0.006512248,4,01:16.0,,
5.00E-05,0.227397308,0.078673966,0.001201397,0.147521943,25.6978054,0.006526172,4,02:07.8,,
5.00E-05,0.227302969,0.079105183,0.001102381,0.147095397,24.38317871,0.006545236,4,02:59.7,,
5.00E-05,0.238725036,0.086370796,0.00105257,0.151301667,24.49703026,0.006531122,4,03:51.6,,
5.00E-05,0.253296316,0.084897973,0.001131918,0.167266443,24.25583267,0.006549634,4,04:43.4,,
5.00E-05,0.230857134,0.082353286,0.001164735,0.147339106,24.88464546,0.006548825,4,05:35.4,,
5.00E-05,0.257371277,0.094246559,0.001219286,0.161905423,23.05845642,0.006540384,4,06:27.3,,
5.00E-05,0.262679845,0.091774203,0.001224049,0.169681594,23.06018639,0.006544131,4,07:19.1,,
5.00E-05,0.233662024,0.078486383,0.001292259,0.153883383,25.35728836,0.006538837,4,08:10.9,,
5.00E-05,0.24346441,0.083339699,0.001315193,0.158809528,24.55728149,0.006548617,4,09:02.7,,
5.00E-05,0.250138074,0.084177442,0.001343042,0.164617583,24.52607918,0.006532346,4,09:54.4,,
5.00E-05,0.256854296,0.082042359,0.00119966,0.173612282,24.89505768,0.006544059,4,10:46.7,,
5.00E-05,0.235670611,0.081664056,0.001206159,0.152800396,24.74443245,0.006518297,4,11:40.5,,
5.00E-05,0.251901567,0.087748386,0.001255206,0.162897989,24.23827171,0.00650426,4,12:32.2,,
5.00E-05,0.234321624,0.084662773,0.001085922,0.148572922,23.9448719,0.006519081,4,13:24.3,,
5.00E-05,0.245958716,0.083312057,0.001319092,0.161327571,24.38497353,0.006502856,4,14:16.2,,
5.00E-05,0.256044596,0.087318905,0.001206267,0.167519435,23.2150383,0.00648848,4,15:08.2,,
5.00E-05,0.243815482,0.084223419,0.001275559,0.158316493,24.81485748,0.006487577,4,15:59.8,,
5.00E-05,0.243606672,0.088019103,0.001253008,0.15433456,23.82172012,0.006479901,4,16:51.8,,
5.00E-05,0.238729656,0.083207004,0.001210464,0.154312178,24.19755554,0.006488681,4,17:43.5,,
5.00E-05,0.243539929,0.082526729,0.001146526,0.159866676,24.97956848,0.006485682,4,18:35.2,,
5.00E-05,0.243524373,0.082488514,0.001210458,0.1598254,24.48857498,0.0064775,4,19:27.0,,
5.00E-05,0.249339253,0.082874581,0.00117886,0.165285811,25.23177147,0.006490699,4,20:18.7,,
5.00E-05,0.236667991,0.077184327,0.001031023,0.158452645,25.80440903,0.006484671,4,21:10.6,,
5.00E-05,0.227139086,0.084460452,0.001104559,0.141574085,25.16166878,0.006500326,4,22:02.3,,
5.00E-05,0.245137483,0.078752354,0.001187824,0.165197298,24.45699883,0.006499812,4,22:54.2,,
5.00E-05,0.252063215,0.086134069,0.001394824,0.164534315,24.67442703,0.006483777,4,23:45.9,,
5.00E-05,0.231228903,0.081545457,0.00122081,0.148462638,25.23486137,0.006513823,4,24:37.9,,
5.00E-05,0.236562461,0.082276531,0.001220811,0.153065115,25.20433426,0.006505876,4,25:29.7,,
5.00E-05,0.233359963,0.085390568,0.001239237,0.146730155,24.36420631,0.006498451,4,26:21.6,,
5.00E-05,0.244971097,0.086300313,0.001337518,0.157333255,24.1244297,0.006480698,4,27:13.5,,
5.00E-05,0.248307645,0.088662602,0.001280608,0.158364445,23.82893562,0.006480562,4,28:05.3,,
5.00E-05,0.2479029,0.088995241,0.001192334,0.157715335,23.80323029,0.006463231,4,28:57.4,,
5.00E-05,0.243186444,0.080185167,0.001280955,0.161720321,25.58353806,0.00644626,4,29:49.1,,
5.00E-05,0.232730061,0.082706563,0.001223158,0.148800328,25.46325302,0.006457526,4,30:40.8,,
5.00E-05,0.236781776,0.080994658,0.001181192,0.154605925,24.9425087,0.006454949,4,31:32.8,,
5.00E-05,0.229766488,0.08442948,0.001279758,0.144057259,24.20304108,0.006447707,4,32:24.4,,
5.00E-05,0.233915299,0.083171345,0.001288085,0.14945586,23.81492996,0.006425082,4,33:16.5,,
5.00E-05,0.243097156,0.087573692,0.001104354,0.154419109,23.01982689,0.00643443,4,34:08.4,,
5.00E-05,0.238095552,0.081707381,0.001289759,0.155098408,25.09475327,0.006428916,4,35:00.1,,
5.00E-05,0.243780866,0.081724651,0.001132959,0.160923257,24.69165611,0.006429893,4,35:52.0,,
5.00E-05,0.239627883,0.091630355,0.00121519,0.146782339,22.88677406,0.006430636,4,36:44.0,,
5.00E-05,0.234661579,0.087906733,0.001274296,0.145480558,24.18737793,0.00642941,4,37:35.6,,
5.00E-05,0.251924336,0.085475065,0.001195425,0.165253863,24.14047241,0.006415882,4,38:27.6,,
5.00E-05,0.246825814,0.079259478,0.001267359,0.166298985,25.29993248,0.006418508,4,39:19.6,,
5.00E-05,0.241576627,0.078930691,0.001203791,0.161442146,25.97157478,0.006427264,4,40:11.4,,
5.00E-05,0.250027835,0.087741777,0.001186742,0.161099315,23.35288048,0.006422291,4,41:03.3,,
5.00E-05,0.239486486,0.082332276,0.001187628,0.15596658,24.55375862,0.006410216,4,41:55.1,,
5.00E-05,0.255514026,0.087080941,0.001424265,0.167008802,23.84699631,0.00641445,4,42:47.2,,
5.00E-05,0.241586298,0.086744353,0.001228893,0.153613061,23.92546082,0.006410726,4,43:41.0,,
5.00E-05,0.235028863,0.083547391,0.001143379,0.150338098,24.33375168,0.006403663,4,44:33.0,,
,,,,,,,4,45:13.1,0.837116539,15.67437267
5.00E-05,0.253042698,0.086611144,0.001288672,0.165142894,23.77282333,0.006395533,4,46:04.6,,
5.00E-05,0.260831743,0.092203878,0.001171167,0.167456701,23.70890617,0.006393377,4,46:56.8,,
5.00E-05,0.229035974,0.076946497,0.001206295,0.150883183,25.7241993,0.006414303,4,47:48.7,,
5.00E-05,0.236443087,0.081868626,0.00128085,0.15329361,24.10211754,0.006400689,4,48:40.6,,
5.00E-05,0.255356878,0.088737726,0.001306855,0.165312305,23.27571106,0.006413215,4,49:32.6,,
5.00E-05,0.243807226,0.088687122,0.001136828,0.15398328,23.04895592,0.006408831,4,50:24.4,,
5.00E-05,0.246699736,0.086498186,0.001210394,0.158991158,24.8257103,0.006399462,4,51:16.6,,
5.00E-05,0.244142666,0.082392558,0.001135859,0.160614252,24.84658432,0.006423428,4,52:08.0,,
5.00E-05,0.25055182,0.083082363,0.001168035,0.166301429,25.14694405,0.006427101,4,52:59.6,,
5.00E-05,0.253953218,0.095954567,0.00123189,0.156766757,22.8130188,0.006413347,4,53:51.2,,
5.00E-05,0.236146525,0.09124241,0.001211397,0.143692717,22.94588089,0.00638519,4,54:42.8,,
5.00E-05,0.242125005,0.08699771,0.001166419,0.153960869,24.06243896,0.006417473,4,55:34.1,,
5.00E-05,0.251246721,0.087243021,0.001209222,0.162794471,23.96196556,0.006424255,4,56:25.5,,
5.00E-05,0.249340206,0.086206809,0.001091148,0.16204226,23.95624542,0.006437155,4,57:16.8,,
5.00E-05,0.24746877,0.087356627,0.001200029,0.158912107,23.63598061,0.006423021,4,58:08.3,,
5.00E-05,0.242323965,0.080331318,0.001116032,0.160876617,25.13814735,0.006408336,4,58:59.7,,
5.00E-05,0.241954893,0.085907735,0.001217019,0.154830143,24.46297073,0.00641512,4,59:51.0,,
5.00E-05,0.231755912,0.079923972,0.001278823,0.150553122,25.4726944,0.006411435,4,00:42.1,,
5.00E-05,0.244918078,0.086738773,0.001320942,0.156858355,23.93226433,0.006381478,4,01:33.2,,
5.00E-05,0.23576282,0.080154531,0.00114126,0.154467031,25.19961357,0.006380765,4,02:43.3,,
5.00E-05,0.224202663,0.081535459,0.001218418,0.141448781,25.11963844,0.006381465,4,03:34.5,,
5.00E-05,0.236114949,0.082117304,0.001258234,0.152739421,24.69794273,0.006402084,4,04:25.5,,
5.00E-05,0.234125078,0.083484434,0.001347899,0.149292752,24.53094673,0.006410338,4,05:16.8,,
5.00E-05,0.232632101,0.08624541,0.001208736,0.14517796,24.62160873,0.006388132,4,06:07.8,,
5.00E-05,0.243508279,0.084510796,0.001284016,0.157713458,24.71319008,0.006409463,4,06:59.6,,
5.00E-05,0.240522057,0.087024584,0.001186039,0.152311429,24.39753342,0.00640248,4,07:50.6,,
5.00E-05,0.235404551,0.089708723,0.00128189,0.144413933,23.39551163,0.006407443,4,08:41.9,,
5.00E-05,0.244463667,0.087127864,0.001261265,0.156074539,23.93616104,0.006419089,4,09:33.2,,
5.00E-05,0.237215519,0.075795844,0.0012138,0.160205886,26.08550262,0.006405379,4,10:24.6,,
5.00E-05,0.23878701,0.085843347,0.001327342,0.15161632,24.14240265,0.006420457,4,11:16.1,,
5.00E-05,0.229281098,0.082319528,0.001272127,0.145689443,24.71299171,0.006411398,4,12:07.4,,
5.00E-05,0.23251456,0.077573702,0.001224351,0.153716505,25.08625793,0.006416488,4,12:58.7,,
5.00E-05,0.224630564,0.084090263,0.001214877,0.139325425,24.00841713,0.006435544,4,13:49.8,,
5.00E-05,0.242599696,0.079923213,0.001099417,0.161577061,24.80116653,0.006428622,4,14:41.4,,
5.00E-05,0.244282216,0.085572056,0.001149382,0.157560781,24.24135971,0.006426461,4,15:32.8,,
5.00E-05,0.240254834,0.079742551,0.001157879,0.159354404,25.75088692,0.006412487,4,16:26.0,,
5.00E-05,0.248902544,0.08782509,0.001198308,0.159879148,24.25704193,0.006401358,4,17:17.0,,
5.00E-05,0.237690091,0.080428526,0.001160051,0.15610151,24.78733444,0.006410243,4,18:08.2,,
5.00E-05,0.243993491,0.084469818,0.001108334,0.158415347,24.24528313,0.006402997,4,18:59.7,,
5.00E-05,0.241553247,0.081230767,0.001205931,0.159116551,24.8008728,0.00640083,4,19:51.0,,
5.00E-05,0.236990631,0.083623104,0.001285687,0.152081832,24.63510323,0.00639367,4,20:42.5,,
5.00E-05,0.232064515,0.085251428,0.001162458,0.145650625,24.94265747,0.006388849,4,21:33.7,,
5.00E-05,0.243671715,0.086140834,0.001324608,0.15620628,24.31790161,0.006376462,4,22:24.8,,
5.00E-05,0.241564974,0.080329373,0.001071181,0.160164416,24.97277451,0.006355514,4,23:16.4,,
5.00E-05,0.245455772,0.081296913,0.001146376,0.16301249,25.36689949,0.00637714,4,24:07.6,,
5.00E-05,0.245316327,0.08609128,0.001231989,0.157993063,24.02909279,0.00638916,4,24:58.6,,
5.00E-05,0.225980371,0.079693429,0.001152797,0.145134136,24.82826042,0.006409261,4,25:49.9,,
5.00E-05,0.234979004,0.081803329,0.001154989,0.152020693,25.14413834,0.006393753,4,26:41.2,,
5.00E-05,0.242423892,0.080576375,0.001192757,0.160654753,24.84581757,0.006398315,4,27:33.1,,
5.00E-05,0.24985221,0.084990889,0.001318522,0.163542792,24.78363037,0.006405867,4,28:24.3,,
5.00E-05,0.233516887,0.08498276,0.001159813,0.147374317,23.77370644,0.006442652,4,29:15.8,,
5.00E-05,0.241996616,0.079772547,0.00115263,0.16107145,25.41677094,0.006427993,4,30:07.0,,
5.00E-05,0.235129505,0.079461835,0.001216563,0.154451102,24.94360733,0.006427214,4,30:58.5,,
5.00E-05,0.240841419,0.082611278,0.001125569,0.157104567,24.52941895,0.006417213,4,31:50.1,,
5.00E-05,0.223511204,0.085841015,0.001277638,0.136392549,24.42263412,0.006414762,4,32:41.5,,
5.00E-05,0.233250856,0.082356468,0.001126552,0.149767831,24.79628563,0.006433264,4,33:33.0,,
5.00E-05,0.247585535,0.088316873,0.001127722,0.158140942,22.94631958,0.006453595,4,34:24.3,,
5.00E-05,0.251983941,0.087664485,0.001235623,0.163083851,24.0358181,0.00646582,4,35:16.0,,
5.00E-05,0.222397059,0.082289182,0.001236245,0.13887164,24.01708603,0.006468904,4,36:07.8,,
5.00E-05,0.23039645,0.082657188,0.001207995,0.146531269,24.66299057,0.006446982,4,36:59.3,,
5.00E-05,0.2460109,0.094015449,0.001222084,0.150773361,23.42739296,0.006438156,4,37:51.0,,
5.00E-05,0.252264053,0.086085945,0.001178349,0.164999768,24.20018387,0.00643792,4,38:42.4,,
5.00E-05,0.236690566,0.082164936,0.001285174,0.153240457,24.65496826,0.006421456,4,39:34.2,,
5.00E-05,0.243454412,0.081795,0.001193767,0.160465643,25.25011444,0.006435252,4,40:25.8,,
5.00E-05,0.237077743,0.079787865,0.001166962,0.156122923,25.41153145,0.006449857,4,41:17.2,,
5.00E-05,0.235888273,0.084239617,0.001169301,0.150479347,24.27910614,0.006447735,4,42:08.6,,
5.00E-05,0.245466426,0.078411244,0.00113232,0.165922865,25.02818108,0.006447842,4,43:00.0,,
5.00E-05,0.223294929,0.078955092,0.001173608,0.143166229,25.33543777,0.006434988,4,43:52.0,,
5.00E-05,0.251848876,0.080518506,0.0011141,0.170216262,25.47406387,0.006428499,4,44:43.6,,
5.00E-05,0.237597317,0.081498638,0.001124639,0.154974043,24.26556778,0.006449936,4,45:35.0,,
5.00E-05,0.240619972,0.082004033,0.001170225,0.157445714,24.08163071,0.00642605,4,46:26.6,,
5.00E-05,0.248590082,0.087580629,0.001187232,0.159822211,23.69163513,0.006459152,4,47:19.7,,
5.00E-05,0.239545852,0.077895157,0.001202288,0.160448402,25.31929207,0.006461138,4,48:11.6,,
5.00E-05,0.255787194,0.090142936,0.00123765,0.164406613,23.56411934,0.006458748,4,49:02.8,,
5.00E-05,0.227121115,0.077262722,0.001168061,0.148690328,25.12515831,0.006450164,4,49:54.2,,
5.00E-05,0.241248399,0.083758734,0.001179173,0.156310484,23.76844215,0.006442867,4,50:45.6,,
5.00E-05,0.255127847,0.095688879,0.001129554,0.15830943,22.94817734,0.00647692,4,51:37.1,,
5.00E-05,0.224552006,0.085646503,0.001215006,0.137690499,23.80120468,0.006465617,4,52:29.0,,
5.00E-05,0.24044615,0.082753055,0.001163798,0.156529292,24.80026245,0.006446932,4,53:20.4,,
5.00E-05,0.224389166,0.07730481,0.001224105,0.14586024,25.58838844,0.006447369,4,54:12.1,,
5.00E-05,0.237203062,0.082694493,0.00116438,0.153344184,24.64657211,0.006458601,4,55:03.6,,
5.00E-05,0.233177707,0.080317318,0.001158745,0.151701644,24.53750801,0.006464427,4,55:55.2,,
5.00E-05,0.25768894,0.091514334,0.001156633,0.165017962,22.86828613,0.006458231,4,56:46.9,,
5.00E-05,0.243074715,0.086655617,0.00115533,0.155263767,23.45132828,0.006457581,4,57:38.3,,
5.00E-05,0.245193362,0.087942295,0.001222757,0.156028315,24.15285492,0.006464205,4,58:29.8,,
5.00E-05,0.241185054,0.086153552,0.001101447,0.153930053,23.31274986,0.006457301,4,59:21.3,,
5.00E-05,0.234258965,0.078522086,0.001229824,0.154507056,25.11503983,0.006457442,4,00:13.0,,
5.00E-05,0.253713399,0.085162967,0.001360214,0.167190209,24.11008453,0.006438518,4,01:04.5,,
5.00E-05,0.246821895,0.086685099,0.001187543,0.158949256,24.18579865,0.006439021,4,01:55.9,,
5.00E-05,0.249078333,0.08324901,0.001181256,0.164648071,24.38712692,0.006430516,4,02:47.6,,
5.00E-05,0.241550654,0.080352262,0.001115976,0.160082415,24.60438538,0.006413735,4,03:38.9,,
5.00E-05,0.239336342,0.082265995,0.00115373,0.155916616,24.61706352,0.006431896,4,04:30.6,,
5.00E-05,0.213215798,0.075777389,0.001165092,0.13627331,25.24948883,0.006429988,4,05:22.2,,
5.00E-05,0.243838936,0.083652928,0.001144441,0.159041569,24.7507515,0.006432439,4,06:13.7,,
5.00E-05,0.235685766,0.080372609,0.001157853,0.154155299,25.54964256,0.006443399,4,07:05.2,,
5.00E-05,0.234711677,0.078707881,0.00112449,0.154879302,25.34314346,0.006449995,4,07:56.6,,
5.00E-05,0.244611889,0.084318668,0.001085945,0.159207284,24.65460205,0.006440072,4,08:48.5,,
5.00E-05,0.248091161,0.088385038,0.001083687,0.158622429,23.46859932,0.006430752,4,09:40.1,,
5.00E-05,0.248250499,0.083321407,0.001168054,0.163761035,24.64744186,0.006419294,4,10:31.7,,
5.00E-05,0.24620831,0.082631037,0.001362747,0.162214518,24.27832603,0.006401828,4,11:23.1,,
5.00E-05,0.242806911,0.083533593,0.001089131,0.158184186,24.30478668,0.006414194,4,12:14.3,,
5.00E-05,0.232864141,0.083139583,0.00114075,0.148583815,24.75675392,0.006404957,4,13:06.2,,
5.00E-05,0.238280207,0.082412384,0.001105038,0.15476279,24.23711586,0.006412236,4,13:57.5,,
5.00E-05,0.236839175,0.078296706,0.001131618,0.157410845,25.49814415,0.006408516,4,14:49.0,,
5.00E-05,0.231302947,0.076570772,0.001222036,0.153510138,25.65650749,0.006413667,4,15:40.6,,
5.00E-05,0.240264788,0.084720552,0.001185865,0.154358372,25.05465698,0.006413551,4,16:32.0,,
5.00E-05,0.231305495,0.080980808,0.00127317,0.149051517,25.17687225,0.006426751,4,17:23.9,,
5.00E-05,0.240388632,0.083950587,0.001097742,0.155340299,24.21561432,0.006426069,4,18:15.1,,
5.00E-05,0.232544422,0.0834058,0.001069235,0.148069382,24.23620415,0.006431188,4,19:08.5,,
5.00E-05,0.245591491,0.085385703,0.00111967,0.159086108,23.76225662,0.006439866,4,19:59.6,,
5.00E-05,0.244640499,0.085439377,0.001225911,0.157975212,24.70836449,0.006459546,4,20:51.2,,
5.00E-05,0.240263939,0.089327291,0.00110064,0.149836019,23.00317955,0.006455349,4,21:42.9,,
5.00E-05,0.238188177,0.078060135,0.001140675,0.158987358,25.70878983,0.006450622,4,22:34.3,,
5.00E-05,0.236248702,0.08183597,0.001191324,0.153221413,24.79899216,0.006450103,4,23:25.8,,
5.00E-05,0.234785855,0.089130744,0.001162126,0.144492984,23.73923111,0.006433516,4,24:17.1,,
5.00E-05,0.249594361,0.082187623,0.001148735,0.166258007,24.99155998,0.006429983,4,25:08.7,,
5.00E-05,0.249057323,0.084003843,0.001262637,0.163790852,25.01846123,0.006446355,4,26:00.4,,
5.00E-05,0.239020944,0.08541771,0.001177632,0.152425602,24.15074539,0.006460501,4,26:51.8,,
5.00E-05,0.238180459,0.083505623,0.001051772,0.153623059,24.54236984,0.006441847,4,27:43.5,,
5.00E-05,0.241101444,0.083405674,0.001154444,0.156541333,24.84303284,0.006435412,4,28:52.7,,
5.00E-05,0.233105063,0.083120145,0.001246236,0.148738682,24.87537003,0.006425949,4,29:44.8,,
5.00E-05,0.252455682,0.09098509,0.001253543,0.160217047,23.36970901,0.006418636,4,30:35.8,,
5.00E-05,0.244130909,0.084995255,0.001240003,0.157895654,24.77604866,0.006409261,4,31:27.5,,
5.00E-05,0.246808261,0.084977314,0.001250324,0.16058062,24.47510529,0.00643031,4,32:18.7,,
5.00E-05,0.242280781,0.085469492,0.001228768,0.155582517,24.446661,0.006443414,4,33:10.1,,
5.00E-05,0.251710981,0.081466608,0.001246722,0.16899766,25.15874672,0.006449801,4,34:01.9,,
5.00E-05,0.230270237,0.07514178,0.001149582,0.153978869,26.26003456,0.00645469,4,34:53.3,,
5.00E-05,0.263793528,0.091367252,0.001348059,0.171078235,23.43507385,0.006457236,4,35:44.8,,
5.00E-05,0.23877959,0.080682129,0.001558718,0.15653874,24.53558922,0.006440563,4,36:36.1,,
5.00E-05,0.222632825,0.083991155,0.001346624,0.137295038,24.38219833,0.006469706,4,37:27.6,,
5.00E-05,0.23864603,0.082721882,0.001289517,0.15463464,24.6470871,0.006443948,4,38:19.4,,
5.00E-05,0.23604776,0.086301282,0.001227662,0.148518816,24.28068161,0.006456734,4,39:10.7,,
5.00E-05,0.232099473,0.078554422,0.001191245,0.152353808,25.48526001,0.006449441,4,40:02.4,,
5.00E-05,0.245944291,0.082429953,0.001156098,0.162358239,25.20498276,0.006457131,4,40:53.7,,
5.00E-05,0.250595927,0.083851434,0.001261245,0.165483266,24.64798737,0.006444249,4,41:45.4,,
5.00E-05,0.23865518,0.084001407,0.001219205,0.15343456,24.57973862,0.006463708,4,42:37.1,,
5.00E-05,0.240428686,0.083800457,0.001294723,0.155333504,24.74748611,0.006443967,4,43:28.6,,
5.00E-05,0.2385097,0.090957992,0.001172979,0.146378726,23.53647995,0.006447692,4,44:20.2,,
5.00E-05,0.258146703,0.085672259,0.001233901,0.171240538,24.77998352,0.006436741,4,45:11.6,,
5.00E-05,0.247780234,0.084066629,0.001208253,0.162505358,24.36727142,0.006443272,4,46:03.5,,
5.00E-05,0.245060816,0.081821032,0.001180866,0.16205892,24.63005066,0.006424439,4,46:55.0,,
5.00E-05,0.246957153,0.091257475,0.001260338,0.154439345,22.69155312,0.006421167,4,47:46.5,,
5.00E-05,0.235648066,0.084604532,0.001218713,0.149824813,24.97451401,0.006412365,4,48:38.0,,
5.00E-05,0.235610217,0.081873186,0.001160529,0.152576491,24.50986671,0.006416999,4,49:29.3,,
5.00E-05,0.242242396,0.081856661,0.001245835,0.159139901,24.5783329,0.006434835,4,50:23.3,,
5.00E-05,0.24187851,0.08765164,0.001228253,0.152998611,23.97927856,0.006434098,4,51:14.7,,
5.00E-05,0.243660122,0.07883057,0.001126781,0.163702771,26.26215935,0.006413793,4,52:06.3,,
5.00E-05,0.224343508,0.077836856,0.001245717,0.14526093,25.3053627,0.006408046,4,52:57.7,,
5.00E-05,0.235897422,0.083559513,0.001315373,0.151022539,23.83568954,0.00639981,4,53:49.3,,
5.00E-05,0.227918327,0.083202884,0.001187828,0.143527612,24.99819565,0.006415334,4,54:41.0,,
5.00E-05,0.240208402,0.087720849,0.001180909,0.151306644,23.42581177,0.00641639,4,55:32.4,,
5.00E-05,0.23285237,0.074724555,0.001113156,0.157014668,25.74321747,0.006420675,4,56:23.9,,
5.00E-05,0.242407292,0.08409398,0.001226138,0.157087177,24.30730057,0.00643089,4,57:15.1,,
5.00E-05,0.238213986,0.091297396,0.001277355,0.145639241,23.04538536,0.006427402,4,58:06.5,,
5.00E-05,0.238471687,0.080996044,0.0010722,0.156403437,24.56110382,0.006412555,4,58:58.2,,
5.00E-05,0.232090205,0.08626572,0.001127153,0.144697338,23.76196671,0.006424766,4,59:49.5,,
5.00E-05,0.247297689,0.088887446,0.001218756,0.157191485,24.43343925,0.006420066,4,00:40.9,,
5.00E-05,0.228443861,0.082343839,0.001149348,0.144950673,23.86487007,0.006415405,4,01:32.1,,
5.00E-05,0.23088035,0.085180469,0.00132046,0.144379422,24.18349838,0.006402911,4,02:23.7,,
5.00E-05,0.241207466,0.080543801,0.001198452,0.159465209,24.97660828,0.006403314,4,03:15.6,,
5.00E-05,0.239387244,0.087155081,0.001206905,0.151025265,23.82973671,0.006423262,4,04:07.3,,
5.00E-05,0.242967606,0.085960746,0.00111452,0.155892342,24.25217056,0.006433276,4,04:58.7,,
5.00E-05,0.243013412,0.080647163,0.001215294,0.161150962,25.44302177,0.006428729,4,05:50.3,,
5.00E-05,0.240485102,0.084051549,0.001152377,0.155281171,24.11955833,0.006431939,4,06:42.3,,
5.00E-05,0.235659629,0.080439493,0.001200469,0.154019669,25.21393967,0.006440631,4,07:34.2,,
5.00E-05,0.233608156,0.079039164,0.001225424,0.153343558,24.72161865,0.00642268,4,08:25.7,,
5.00E-05,0.236487478,0.08052507,0.00109564,0.15486677,25.54836082,0.006437594,4,09:17.5,,
5.00E-05,0.234516263,0.08079648,0.001169801,0.152549982,25.07140732,0.006417155,4,10:09.0,,
5.00E-05,0.240808606,0.082932994,0.001232876,0.156642735,24.89852905,0.006403137,4,11:01.0,,
5.00E-05,0.231681868,0.083387531,0.001166111,0.147128224,24.81085587,0.006406167,4,11:52.9,,
5.00E-05,0.235080004,0.084023207,0.001182725,0.149874076,24.5556469,0.006408669,4,12:44.8,,
5.00E-05,0.24762854,0.091644906,0.001139673,0.154843971,23.49717903,0.006417846,4,13:36.5,,
5.00E-05,0.258255333,0.087681986,0.001143892,0.169429451,24.22052574,0.006419658,4,14:28.0,,
5.00E-05,0.250844538,0.090921007,0.001205214,0.158718333,23.11532021,0.006432445,4,15:20.1,,
5.00E-05,0.234299123,0.080816031,0.001196692,0.15228641,25.08208847,0.006429652,4,16:11.7,,
5.00E-05,0.24093689,0.090280376,0.00114638,0.14951013,23.79927444,0.006422148,4,17:03.1,,
5.00E-05,0.241394386,0.076137073,0.001190414,0.164066896,26.24060059,0.006421379,4,17:54.6,,
5.00E-05,0.249943614,0.091740876,0.001208132,0.156994596,23.97715759,0.00642567,4,18:46.1,,
5.00E-05,0.239073783,0.082214348,0.001104829,0.155754596,24.43981934,0.00642095,4,19:38.1,,
5.00E-05,0.240814328,0.081509233,0.001111905,0.158193186,24.44209862,0.006434473,4,20:29.6,,
5.00E-05,0.249893904,0.086748444,0.001260441,0.161885023,23.65208054,0.006426225,4,21:21.3,,
5.00E-05,0.220446438,0.081646174,0.001086736,0.137713522,25.11131287,0.006429565,4,22:12.9,,
5.00E-05,0.24328813,0.080366179,0.001140723,0.161781237,24.94717407,0.006420182,4,23:06.6,,
5.00E-05,0.250660151,0.085282296,0.001191143,0.164186701,23.1212635,0.006402499,4,23:58.4,,
5.00E-05,0.255349994,0.083762601,0.0012176,0.170369804,23.98700523,0.00640097,4,24:50.0,,
5.00E-05,0.237619236,0.084345452,0.001179298,0.152094483,24.37545967,0.006405015,4,25:41.7,,
5.00E-05,0.243723422,0.084650323,0.001047009,0.158026084,24.97704697,0.0064065,4,26:33.3,,
5.00E-05,0.246699244,0.082841039,0.001168377,0.16268982,24.27822495,0.006401107,4,27:25.1,,
5.00E-05,0.235774726,0.079146303,0.001227411,0.155401006,25.71469879,0.006382342,4,28:17.2,,
5.00E-05,0.236483634,0.078578852,0.001092248,0.156812534,24.99392509,0.006379639,4,29:08.9,,
5.00E-05,0.239085287,0.085813791,0.001164531,0.152106956,24.2005043,0.006368121,4,30:00.4,,
5.00E-05,0.241672188,0.082074925,0.001201389,0.158395872,24.55263138,0.006365028,4,30:52.3,,
5.00E-05,0.246742696,0.082677819,0.001101564,0.162963316,24.30171967,0.00636919,4,31:44.4,,
5.00E-05,0.237776071,0.077459991,0.00111576,0.159200326,25.33125687,0.006362463,4,32:36.1,,
5.00E-05,0.247113094,0.087575197,0.001143235,0.158394665,23.93426132,0.006376435,4,33:28.1,,
5.00E-05,0.250954449,0.090017177,0.001266532,0.159670725,23.34908485,0.006360224,4,34:19.7,,
5.00E-05,0.240593761,0.082553625,0.001160481,0.156879649,25.14132309,0.006364256,4,35:11.4,,
5.00E-05,0.238824889,0.085788369,0.001152379,0.151884139,23.8288002,0.006338922,4,36:03.4,,
5.00E-05,0.244095385,0.083987936,0.001230722,0.158876732,24.27555275,0.006361386,4,36:55.1,,
5.00E-05,0.242274612,0.080568604,0.00118196,0.160524055,25.16827583,0.006364666,4,37:47.0,,
,,,,,,,4,38:26.6,0.838012278,15.71216774
5.00E-05,0.241330609,0.086839542,0.001134412,0.153356656,23.66591644,0.006365583,4,39:17.5,,
5.00E-05,0.243335187,0.082802542,0.001113833,0.159418821,24.91254425,0.006352968,4,40:09.6,,
5.00E-05,0.255711347,0.08521086,0.001087898,0.169412583,23.19498444,0.006352514,4,41:01.4,,
5.00E-05,0.234090179,0.08461722,0.00116791,0.148305058,24.60934639,0.006351584,4,41:53.2,,
5.00E-05,0.237659037,0.078864411,0.001208896,0.157585725,25.75133514,0.006363146,4,42:44.6,,
5.00E-05,0.227561757,0.08115381,0.00119673,0.14521122,25.25669289,0.006357174,4,43:36.3,,
5.00E-05,0.246222496,0.083133906,0.001434649,0.161653936,24.4018383,0.0063709,4,44:28.3,,
5.00E-05,0.232707202,0.086023338,0.001080165,0.145603701,24.06685638,0.00635578,4,45:20.2,,
5.00E-05,0.244534731,0.089538343,0.001139535,0.153856859,23.51513672,0.006334939,4,46:12.1,,
5.00E-05,0.229995772,0.080576241,0.001166314,0.148253217,25.1043129,0.006349083,4,47:03.6,,
5.00E-05,0.238917485,0.083607696,0.001232852,0.154076934,23.86492729,0.006340503,4,47:55.6,,
5.00E-05,0.235981584,0.083753839,0.001219235,0.151008502,24.82616043,0.006321876,4,48:47.7,,
5.00E-05,0.240937144,0.085694931,0.001076554,0.154165655,23.42524719,0.006328025,4,49:39.3,,
5.00E-05,0.244777158,0.084751442,0.001289428,0.158736289,24.32918739,0.006331129,4,50:31.4,,
5.00E-05,0.23274295,0.08357843,0.001242439,0.147922084,24.71808243,0.00630702,4,51:23.0,,
5.00E-05,0.236213326,0.078384101,0.001162784,0.156666443,25.78154755,0.006306959,4,52:14.7,,
5.00E-05,0.236456573,0.079046167,0.00122799,0.156182408,25.51311874,0.006317934,4,53:06.9,,
5.00E-05,0.245372444,0.084664606,0.00114469,0.159563139,23.39500618,0.006370019,4,53:58.6,,
5.00E-05,0.241683424,0.083732747,0.001064181,0.156886488,23.85957527,0.006379631,4,54:52.3,,
5.00E-05,0.249847606,0.08166974,0.001298045,0.166879818,24.39230156,0.006360692,4,56:02.3,,
5.00E-05,0.239839152,0.082409501,0.001206633,0.156223014,25.13109398,0.006369387,4,56:54.4,,
5.00E-05,0.245541096,0.083155312,0.001224858,0.161160931,25.17932701,0.006348353,4,57:46.1,,
5.00E-05,0.249897391,0.085322835,0.001132975,0.163441584,23.37003326,0.006360386,4,58:37.7,,
5.00E-05,0.240392029,0.078758225,0.001187569,0.160446227,25.97908401,0.00634441,4,59:29.5,,
5.00E-05,0.247103155,0.087582238,0.001234458,0.158286452,24.14739418,0.006348375,4,00:21.2,,
5.00E-05,0.252212614,0.083484516,0.001171513,0.167556584,24.89322281,0.006345802,4,01:13.3,,
5.00E-05,0.236655325,0.079458773,0.001156139,0.156040415,25.00014877,0.006372713,4,02:05.0,,
5.00E-05,0.238284975,0.085948355,0.001203157,0.151133463,23.96199226,0.006382938,4,02:57.0,,
5.00E-05,0.230556622,0.085245714,0.001217633,0.144093275,24.83012772,0.006378296,4,03:48.5,,
5.00E-05,0.241760656,0.08114019,0.001235586,0.159384876,24.2379303,0.006354174,4,04:40.4,,
5.00E-05,0.244560361,0.082812935,0.001221783,0.16052565,23.83744812,0.00635779,4,05:32.5,,
5.00E-05,0.238874644,0.079497352,0.00120167,0.158175617,25.29626083,0.006369427,4,06:24.1,,
5.00E-05,0.240198135,0.084643938,0.001172924,0.154381275,25.04000473,0.006360928,4,07:15.9,,
5.00E-05,0.239508301,0.088131875,0.001163105,0.150213331,23.70736885,0.006338357,4,08:07.6,,
5.00E-05,0.239944682,0.086046942,0.001207941,0.1526898,24.3266468,0.006337121,4,08:59.4,,
5.00E-05,0.245632589,0.086240605,0.001284364,0.158107623,24.6094799,0.006352472,4,09:51.5,,
5.00E-05,0.236335605,0.085276686,0.001256434,0.149802491,23.96111488,0.006377182,4,10:43.3,,
5.00E-05,0.23944816,0.083355941,0.001150414,0.154941797,24.72112274,0.006371122,4,11:34.9,,
5.00E-05,0.241221666,0.08467304,0.001145867,0.155402765,24.47041321,0.006362706,4,12:26.7,,
5.00E-05,0.248228386,0.083830118,0.001144585,0.16325368,24.99585724,0.006353004,4,13:18.5,,
5.00E-05,0.233306766,0.078777254,0.001110809,0.153418705,25.6454258,0.006346465,4,14:10.6,,
5.00E-05,0.24546355,0.081901513,0.001225919,0.162336111,24.50640106,0.006336027,4,15:02.3,,
5.00E-05,0.2304326,0.085262872,0.001175366,0.143994361,23.82100677,0.006329042,4,15:53.9,,
5.00E-05,0.238143265,0.076338671,0.001191141,0.160613447,25.1352272,0.006325347,4,16:45.9,,
5.00E-05,0.23096925,0.084483512,0.001150998,0.14533475,23.97512627,0.006331928,4,17:37.9,,
5.00E-05,0.230355874,0.082653083,0.001219297,0.146483496,24.4574852,0.006325766,4,18:29.5,,
5.00E-05,0.242036223,0.085695773,0.001166512,0.155173942,24.43929291,0.006327947,4,19:21.4,,
5.00E-05,0.241879404,0.08272139,0.001245741,0.157912269,24.50886917,0.00631585,4,20:13.0,,
5.00E-05,0.230937958,0.079612553,0.00122131,0.150104091,25.30814362,0.006304659,4,21:04.8,,
5.00E-05,0.244521409,0.086381197,0.001119389,0.157020822,23.72525024,0.006309682,4,21:57.0,,
5.00E-05,0.239828676,0.080170274,0.001105414,0.158552989,25.18318176,0.006301068,4,22:49.0,,
5.00E-05,0.234750122,0.087061308,0.001231688,0.146457121,24.2636795,0.006292628,4,23:40.9,,
5.00E-05,0.226215541,0.077288024,0.001132637,0.147794873,25.67412186,0.006278577,4,24:33.1,,
5.00E-05,0.22770761,0.075274505,0.001071442,0.151361659,25.63691139,0.006275344,4,25:25.0,,
5.00E-05,0.234989464,0.083053879,0.001154455,0.15078114,24.35969162,0.006272813,4,26:17.1,,
5.00E-05,0.222195923,0.075210057,0.00117951,0.145806357,26.30902481,0.006278993,4,27:10.7,,
5.00E-05,0.233094856,0.089167707,0.001246266,0.142680883,23.56671906,0.006274417,4,28:02.8,,
5.00E-05,0.23923859,0.086073533,0.001191078,0.151973978,24.0343399,0.006283755,4,28:54.8,,
5.00E-05,0.235438302,0.083698153,0.001189056,0.150551096,24.09737587,0.006274268,4,29:46.9,,
5.00E-05,0.251155734,0.084936775,0.001163433,0.165055528,23.98239899,0.006268095,4,30:38.9,,
5.00E-05,0.223230094,0.086144805,0.001306484,0.135778815,24.58077431,0.006272616,4,31:31.0,,
5.00E-05,0.239399076,0.077235378,0.001235973,0.160927728,25.958992,0.006295767,4,32:22.8,,
5.00E-05,0.239664018,0.079156496,0.001239764,0.159267768,24.85019493,0.006287922,4,33:14.9,,
5.00E-05,0.237987489,0.086134933,0.001229326,0.150623232,23.89061165,0.006283009,4,34:06.8,,
5.00E-05,0.238356918,0.086510755,0.001150808,0.150695354,24.28631973,0.006273878,4,34:58.8,,
5.00E-05,0.249953941,0.089725971,0.001154526,0.159073442,23.58668137,0.006271235,4,35:51.0,,
5.00E-05,0.242885798,0.083400644,0.001183347,0.158301815,24.78871918,0.006293492,4,36:42.9,,
5.00E-05,0.22925958,0.081279293,0.001235196,0.146745086,24.97947502,0.006273537,4,37:34.7,,
5.00E-05,0.261140227,0.086936206,0.001162681,0.173041359,24.54457855,0.006293321,4,38:26.9,,
5.00E-05,0.228595346,0.078291215,0.001217489,0.149086639,25.82902908,0.006314473,4,39:18.8,,
5.00E-05,0.227132529,0.07834857,0.001156027,0.147627935,24.83177185,0.006315161,4,40:10.9,,
5.00E-05,0.244096428,0.080966882,0.001157137,0.161972418,24.81368065,0.006306987,4,41:02.9,,
5.00E-05,0.235972315,0.081492215,0.001159676,0.153320432,24.98699951,0.006297725,4,41:54.8,,
5.00E-05,0.238439173,0.081879109,0.00120433,0.155355737,24.71403313,0.006286683,4,42:46.9,,
5.00E-05,0.240736991,0.079213157,0.001039826,0.160484016,24.68397141,0.006289376,4,43:38.9,,
5.00E-05,0.256036073,0.094399527,0.001088833,0.160547718,23.02716827,0.006295304,4,44:30.9,,
5.00E-05,0.236957237,0.084586471,0.001165838,0.151204929,24.2497673,0.006302258,4,45:23.1,,
5.00E-05,0.241215527,0.084424421,0.001102407,0.155688703,24.55409622,0.006300184,4,46:15.1,,
5.00E-05,0.246384203,0.080036819,0.001152074,0.165195316,24.99163818,0.006304251,4,47:07.1,,
5.00E-05,0.234239042,0.078407116,0.001038864,0.154793054,24.37313843,0.006309558,4,47:59.2,,
5.00E-05,0.234723747,0.085199676,0.00107372,0.14845036,24.08712196,0.00630217,4,48:51.5,,
5.00E-05,0.248797014,0.082024105,0.0011185,0.165654406,25.07251549,0.006301137,4,49:43.6,,
5.00E-05,0.242844298,0.082651608,0.001211157,0.158981532,24.74233246,0.006312324,4,50:35.8,,
5.00E-05,0.247236729,0.083345793,0.001201524,0.162689403,24.71888542,0.006298007,4,51:27.6,,
5.00E-05,0.243242085,0.082746007,0.001070465,0.159425616,24.69113541,0.006315308,4,52:19.8,,
5.00E-05,0.245881051,0.08259467,0.001132321,0.162154064,25.09503365,0.006312324,4,53:11.5,,
5.00E-05,0.238494039,0.085976847,0.001183283,0.151333913,24.12659836,0.006302489,4,54:03.5,,
5.00E-05,0.249786124,0.091710575,0.0012122,0.156863347,23.36364746,0.006318491,4,54:55.7,,
5.00E-05,0.235128,0.079762049,0.001221512,0.154144436,24.46195793,0.006330615,4,55:47.7,,
5.00E-05,0.225056976,0.076560967,0.001122878,0.14737314,25.57006645,0.006339526,4,56:39.7,,
5.00E-05,0.248819366,0.087776452,0.001118305,0.159924611,24.19377136,0.006343757,4,57:31.6,,
5.00E-05,0.239590198,0.081326701,0.00112768,0.157135814,24.93684006,0.006338674,4,58:23.7,,
5.00E-05,0.246880651,0.090429559,0.001342037,0.155109048,24.54304123,0.006331216,4,59:17.6,,
5.00E-05,0.247280449,0.08147794,0.001132604,0.164669901,25.1286087,0.006320535,4,00:09.7,,
5.00E-05,0.240673244,0.084184997,0.001110988,0.155377254,24.31016922,0.006313176,4,01:01.6,,
5.00E-05,0.250057399,0.085198052,0.001163705,0.163695633,25.05043221,0.006294458,4,01:53.6,,
5.00E-05,0.233859599,0.07937216,0.001124949,0.153362483,25.32748985,0.006273131,4,02:45.8,,
5.00E-05,0.238522574,0.086020604,0.001135277,0.151366696,24.09827423,0.006272619,4,03:37.8,,
5.00E-05,0.221983731,0.081246495,0.001087476,0.139649749,24.34772682,0.006265845,4,04:29.8,,
5.00E-05,0.243270025,0.089599952,0.001164657,0.152505413,23.09389877,0.006259571,4,05:22.0,,
5.00E-05,0.240272254,0.083067015,0.001197223,0.156008005,24.83388519,0.006244518,4,06:14.0,,
5.00E-05,0.244674534,0.084630191,0.001164842,0.158879504,24.78294182,0.006255355,4,07:05.8,,
5.00E-05,0.251290411,0.091392025,0.001139333,0.158759043,23.52412033,0.006267312,4,07:57.9,,
5.00E-05,0.245460376,0.087151103,0.001131441,0.157177836,23.96452713,0.006264264,4,08:49.7,,
5.00E-05,0.247893661,0.08983133,0.001174373,0.156887963,23.64666367,0.006273525,4,09:41.7,,
5.00E-05,0.251165628,0.085832864,0.00121556,0.164117217,23.85826302,0.006266801,4,10:33.8,,
5.00E-05,0.248954892,0.084172167,0.001168101,0.163614616,23.67527771,0.006260108,4,11:26.0,,
5.00E-05,0.242134601,0.0818552,0.001097266,0.159182131,24.88342476,0.006253437,4,12:17.9,,
5.00E-05,0.239036083,0.085038185,0.001121755,0.152876154,24.35412216,0.006263375,4,13:10.0,,
5.00E-05,0.233057424,0.084192924,0.001115628,0.147748873,23.83270645,0.006258693,4,14:02.2,,
5.00E-05,0.251522452,0.078758843,0.001127738,0.171635881,25.56812096,0.006232399,4,14:54.1,,
5.00E-05,0.231855989,0.08080548,0.001067584,0.149982914,24.84114647,0.006239132,4,15:46.2,,
5.00E-05,0.243806392,0.081456378,0.001134623,0.161215395,25.05958176,0.006248781,4,16:38.4,,
5.00E-05,0.248919293,0.080410391,0.0013164,0.167192504,25.14310646,0.006245567,4,17:30.4,,
5.00E-05,0.245097131,0.079217382,0.001106351,0.16477339,24.830513,0.006246261,4,18:22.4,,
5.00E-05,0.245602682,0.082687192,0.001213632,0.161701858,24.51040268,0.00625636,4,19:14.5,,
5.00E-05,0.233868882,0.076009803,0.001147766,0.15671131,26.39164162,0.006247574,4,20:06.5,,
5.00E-05,0.241095334,0.075867638,0.001056919,0.164170787,25.51750946,0.00626485,4,20:58.7,,
5.00E-05,0.237921983,0.08280348,0.001216631,0.153901875,24.24112129,0.00625835,4,21:50.5,,
5.00E-05,0.234429032,0.084549077,0.001163515,0.14871645,23.96065712,0.006269202,4,23:00.9,,
5.00E-05,0.235268384,0.081613719,0.001169123,0.152485549,24.98484421,0.006304593,4,23:53.2,,
5.00E-05,0.241985977,0.08692842,0.001219049,0.153838515,23.21246719,0.006293699,4,24:44.9,,
5.00E-05,0.254826128,0.087111883,0.001231444,0.166482791,23.42358589,0.006285062,4,25:36.8,,
5.00E-05,0.227562144,0.078430101,0.001215088,0.147916958,25.76438904,0.006312435,4,26:28.6,,
5.00E-05,0.220276564,0.080786049,0.001267111,0.138223395,24.99582672,0.006347397,4,27:20.8,,
5.00E-05,0.230772913,0.081573732,0.001237885,0.147961304,25.03807259,0.006337169,4,28:12.7,,
5.00E-05,0.234384894,0.083408631,0.001261179,0.149715081,24.7348175,0.006352066,4,29:04.7,,
5.00E-05,0.240289241,0.083160304,0.001245692,0.155883238,24.33102608,0.006356338,4,29:56.9,,
5.00E-05,0.229660064,0.078799978,0.001301979,0.149558097,25.69687271,0.006361581,4,30:48.8,,
5.00E-05,0.230608016,0.087938592,0.001191444,0.141477987,23.60422134,0.006378194,4,31:42.7,,
5.00E-05,0.234209061,0.081212305,0.00132312,0.151673645,24.67941666,0.006395219,4,32:34.7,,
5.00E-05,0.237888157,0.082414486,0.001180292,0.154293388,24.03586388,0.006392838,4,33:26.8,,
5.00E-05,0.251848936,0.08960025,0.001198417,0.161050275,23.45295143,0.006398901,4,34:19.0,,
5.00E-05,0.246620551,0.081157781,0.001228565,0.164234206,25.07205009,0.006384345,4,35:11.0,,
5.00E-05,0.244145542,0.085634358,0.00122335,0.157287836,24.09463692,0.006387785,4,36:02.8,,
5.00E-05,0.238331541,0.088873424,0.001220847,0.148237273,23.44499397,0.006377739,4,36:55.1,,
5.00E-05,0.241259694,0.079099268,0.001226911,0.160933524,25.07587624,0.006394789,4,37:46.9,,
5.00E-05,0.235314965,0.078127019,0.001083349,0.156104594,25.63761139,0.006400329,4,38:38.9,,
5.00E-05,0.235935926,0.080848724,0.001258341,0.153828859,24.81226349,0.006390722,4,39:30.8,,
5.00E-05,0.247853458,0.089753367,0.00119347,0.15690662,23.50966454,0.006376051,4,40:23.0,,
5.00E-05,0.253978819,0.08697626,0.001189464,0.165813088,24.22742462,0.006378641,4,41:15.2,,
5.00E-05,0.242904678,0.080565996,0.001261135,0.161077544,24.92837143,0.006361966,4,42:07.4,,
5.00E-05,0.235434219,0.082664356,0.001226518,0.151543349,24.60578537,0.006355704,4,42:59.3,,
5.00E-05,0.234663069,0.080838442,0.001208089,0.152616546,24.95647049,0.006353383,4,43:51.2,,
5.00E-05,0.241026819,0.086599194,0.001140001,0.153287634,24.4248848,0.006361314,4,44:43.5,,
5.00E-05,0.244775042,0.085611992,0.001154791,0.158008263,23.79026794,0.006350255,4,45:35.3,,
5.00E-05,0.243094981,0.085442297,0.001236901,0.156415775,24.39715958,0.006344967,4,46:27.3,,
5.00E-05,0.238961652,0.079450332,0.001218964,0.158292353,24.83750153,0.006371395,4,47:19.3,,
5.00E-05,0.227631748,0.077506773,0.001236766,0.148888215,26.09652519,0.006365462,4,48:11.2,,
5.00E-05,0.244095236,0.088303871,0.001280571,0.154510796,23.64964485,0.006354735,4,49:03.3,,
5.00E-05,0.242094785,0.091406994,0.001267639,0.149420142,23.42156601,0.006368692,4,49:55.3,,
5.00E-05,0.225534439,0.080807015,0.001254833,0.143472582,24.85743713,0.006390957,4,50:47.5,,
5.00E-05,0.234986886,0.081697598,0.001145052,0.152144238,24.56918526,0.006398937,4,51:39.5,,
5.00E-05,0.241786659,0.080688037,0.001229758,0.159868866,24.89645958,0.006404933,4,52:31.7,,
5.00E-05,0.236855537,0.082408264,0.001332931,0.153114334,24.91586685,0.006397769,4,53:23.4,,
5.00E-05,0.231601,0.083133742,0.001229694,0.147237554,23.961689,0.006391716,4,54:15.5,,
5.00E-05,0.233121008,0.073864058,0.00130824,0.157948703,25.14141273,0.006379266,4,55:07.1,,
5.00E-05,0.231287941,0.084859237,0.001228082,0.145200625,24.21944618,0.006405293,4,55:59.1,,
5.00E-05,0.242006004,0.085843593,0.001347482,0.154814929,24.81506157,0.006396582,4,56:50.9,,
5.00E-05,0.252118737,0.086070731,0.001224182,0.164823815,23.95396042,0.006386141,4,57:42.9,,
5.00E-05,0.239017576,0.084018484,0.001176068,0.153823018,23.98721504,0.006398736,4,58:35.1,,
5.00E-05,0.231422544,0.083625406,0.00118654,0.146610603,24.84786224,0.006398336,4,59:26.9,,
,,,,,,,,,,
5.00E-05,0.297467113,0.124565654,0.002231586,0.170669854,21.46031952,0.006530194,5,08:06.4,,
5.00E-05,0.30311957,0.120060056,0.002334184,0.180725321,21.964077,0.006675936,5,08:44.0,,
5.00E-05,0.301126868,0.128584266,0.002537455,0.170005143,20.95348358,0.00677745,5,09:21.0,,
5.00E-05,0.288322031,0.119495966,0.002442333,0.166383743,21.48289871,0.006876843,5,09:58.5,,
5.00E-05,0.290740013,0.125124887,0.002596412,0.163018718,21.11281967,0.006896961,5,10:35.7,,
5.00E-05,0.294857681,0.114281073,0.002643615,0.177933007,22.16536713,0.006941905,5,11:12.9,,
5.00E-05,0.288211405,0.11932683,0.002563504,0.166321069,21.73689842,0.006954259,5,11:50.4,,
5.00E-05,0.28810069,0.11569985,0.002521895,0.169878945,22.40002823,0.006995577,5,12:27.8,,
5.00E-05,0.288716435,0.126471132,0.002622343,0.159622967,21.06054497,0.007021366,5,13:05.2,,
5.00E-05,0.27997756,0.111439258,0.002603279,0.16593501,22.56996536,0.007044408,5,13:42.6,,
5.00E-05,0.278682709,0.112518437,0.002483253,0.163681015,22.22368431,0.007056333,5,14:19.9,,
5.00E-05,0.284424603,0.116553374,0.002482807,0.165388405,21.96090317,0.007057562,5,14:57.2,,
5.00E-05,0.278465271,0.115732841,0.00249583,0.160236612,22.21113586,0.007101484,5,15:34.5,,
5.00E-05,0.291051298,0.114144675,0.002631375,0.174275249,22.31349945,0.007104762,5,16:11.9,,
5.00E-05,0.280176699,0.114504568,0.002613842,0.163058281,22.01504898,0.007100421,5,16:49.2,,
5.00E-05,0.290383935,0.121476963,0.002576886,0.166330069,21.82245636,0.007114702,5,17:26.5,,
5.00E-05,0.286748648,0.1136759,0.002645223,0.170427531,22.36006927,0.007155501,5,18:03.9,,
5.00E-05,0.284350693,0.111857019,0.002464393,0.170029268,22.27181435,0.007194831,5,18:41.1,,
5.00E-05,0.275587589,0.107847422,0.002587445,0.165152714,22.80614471,0.00721161,5,19:18.5,,
5.00E-05,0.281242371,0.104908608,0.002511204,0.173822567,22.77649879,0.007210949,5,19:55.9,,
5.00E-05,0.286473244,0.117886864,0.002266115,0.166320264,21.77542686,0.007222209,5,20:33.1,,
5.00E-05,0.280276537,0.115503617,0.002327446,0.162445456,22.08816719,0.00719171,5,21:10.3,,
5.00E-05,0.282453597,0.123927571,0.002509344,0.156016678,21.35926819,0.007200717,5,21:47.5,,
5.00E-05,0.275369436,0.109747633,0.002502808,0.163119003,21.97220993,0.007227476,5,22:24.9,,
5.00E-05,0.281989217,0.111846499,0.00249573,0.167646989,21.97184563,0.007250065,5,23:02.2,,
5.00E-05,0.279602647,0.116550185,0.002449477,0.160602987,21.81485176,0.007238309,5,23:39.4,,
5.00E-05,0.271986902,0.112729058,0.002539564,0.156718284,22.27279854,0.0072474,5,24:16.7,,
5.00E-05,0.281108677,0.116583958,0.002545359,0.161979362,21.87204361,0.007214825,5,24:54.0,,
5.00E-05,0.265560925,0.110150613,0.002201295,0.153209001,22.66539383,0.007229399,5,25:31.4,,
5.00E-05,0.276389182,0.109451771,0.002500383,0.164437041,22.63253975,0.007260762,5,26:08.7,,
5.00E-05,0.283336997,0.121695705,0.002709435,0.158931851,21.56777191,0.007289225,5,26:47.9,,
5.00E-05,0.283636153,0.105385475,0.00244093,0.175809741,22.82816315,0.007305468,5,27:25.3,,
5.00E-05,0.273319781,0.112441957,0.002496203,0.158381626,22.73854065,0.007325654,5,28:02.7,,
5.00E-05,0.285361558,0.114716396,0.00252647,0.168118685,21.99149895,0.007293254,5,28:39.9,,
5.00E-05,0.277802229,0.115387641,0.002555484,0.159859106,21.81909943,0.007281902,5,29:17.1,,
5.00E-05,0.268419504,0.106897518,0.002491375,0.159030616,22.77931595,0.00732389,5,29:54.5,,
5.00E-05,0.276578993,0.108772419,0.002386375,0.165420204,22.26207924,0.00737919,5,30:31.9,,
5.00E-05,0.284900546,0.114107952,0.002405175,0.168387428,22.08021164,0.007378095,5,31:09.2,,
5.00E-05,0.288147658,0.114805132,0.002449662,0.170892864,22.38802147,0.007385135,5,31:46.5,,
5.00E-05,0.291323364,0.114578508,0.002298634,0.17444624,22.23945999,0.007401506,5,32:23.8,,
5.00E-05,0.288319588,0.116876595,0.002426482,0.169016525,21.60184479,0.007387044,5,33:01.5,,
5.00E-05,0.280017495,0.110123433,0.002410477,0.167483568,22.86128807,0.007395792,5,33:38.8,,
5.00E-05,0.276548326,0.112474672,0.002394594,0.161679074,22.18997574,0.007385099,5,34:16.3,,
5.00E-05,0.289369613,0.114984475,0.002637326,0.171747804,22.01615906,0.007402044,5,34:53.7,,
5.00E-05,0.264833957,0.103778206,0.002534017,0.158521727,22.94688797,0.007407276,5,35:31.1,,
5.00E-05,0.28162998,0.108651109,0.002531949,0.170446917,22.53706741,0.007422041,5,36:08.4,,
5.00E-05,0.277571499,0.109680429,0.002397359,0.165493697,22.25927353,0.007433229,5,36:45.7,,
5.00E-05,0.280571729,0.118497625,0.00238519,0.15968892,21.61068153,0.007451758,5,37:23.0,,
5.00E-05,0.276151061,0.105690457,0.002334042,0.168126568,22.85785675,0.007430865,5,38:00.3,,
5.00E-05,0.298122287,0.119188882,0.002379203,0.176554203,21.00385284,0.007466497,5,38:37.5,,
5.00E-05,0.266821444,0.104820125,0.002531897,0.159469441,22.8579731,0.007499159,5,39:14.8,,
5.00E-05,0.253741086,0.10161195,0.002435171,0.149693951,23.08230209,0.007496613,5,39:52.1,,
5.00E-05,0.281848669,0.115066558,0.002465925,0.164316192,21.73148155,0.007454445,5,40:29.4,,
5.00E-05,0.268110394,0.114000998,0.002456779,0.151652619,21.47053909,0.007455576,5,41:06.7,,
5.00E-05,0.279125392,0.10785915,0.002378232,0.168888018,22.49184799,0.007497979,5,41:43.9,,
5.00E-05,0.287210792,0.115047872,0.002426363,0.169736564,22.11715698,0.007482643,5,42:21.2,,
5.00E-05,0.274115086,0.104140274,0.002290319,0.16768451,23.22413445,0.007518451,5,42:58.6,,
5.00E-05,0.2678608,0.120786011,0.002363225,0.144711554,21.49289131,0.007517917,5,43:36.1,,
5.00E-05,0.264847696,0.105474524,0.002262078,0.157111079,22.89380264,0.007534317,5,44:13.4,,
5.00E-05,0.281420588,0.107039005,0.002373425,0.172008142,23.19608307,0.007533882,5,45:09.8,,
5.00E-05,0.238689616,0.088862754,0.002195891,0.147630975,24.12458801,0.007597114,5,46:01.7,,
5.00E-05,0.25486064,0.089196905,0.002310945,0.163352773,24.60740852,0.007565963,5,46:53.5,,
5.00E-05,0.253801107,0.094963931,0.001956683,0.156880498,22.59790421,0.007547837,5,47:45.2,,
5.00E-05,0.249687552,0.08997862,0.001787882,0.157921061,24.08409882,0.007537159,5,48:36.8,,
5.00E-05,0.250009805,0.089127846,0.001839358,0.159042612,24.35637283,0.007503784,5,49:28.6,,
5.00E-05,0.263594657,0.093866475,0.001829756,0.167898431,23.11365318,0.007490421,5,50:20.4,,
5.00E-05,0.241887838,0.090234362,0.00167188,0.149981603,23.26589394,0.007474359,5,51:12.2,,
5.00E-05,0.238308132,0.087595545,0.001762707,0.148949876,24.42738533,0.007474344,5,52:05.9,,
5.00E-05,0.243752331,0.089482524,0.001536532,0.152733266,23.46835327,0.00744293,5,52:57.9,,
5.00E-05,0.242890984,0.09060517,0.001631721,0.150654092,23.90849113,0.007430323,5,53:49.7,,
5.00E-05,0.26345852,0.088673621,0.001509909,0.173274994,24.00457382,0.007406725,5,54:41.5,,
5.00E-05,0.244854718,0.091327175,0.001537452,0.151990086,23.83790588,0.007412452,5,55:33.1,,
5.00E-05,0.248146832,0.086240195,0.001630277,0.160276368,24.48621559,0.0073773,5,56:24.7,,
5.00E-05,0.248470917,0.086497106,0.001517109,0.160456702,24.12981987,0.007363221,5,57:16.3,,
5.00E-05,0.241100818,0.089987718,0.001645131,0.149467975,23.69396591,0.007340515,5,58:08.2,,
5.00E-05,0.246579483,0.082731031,0.001476996,0.162371457,24.91845894,0.007322972,5,58:59.9,,
5.00E-05,0.241318285,0.080687746,0.001502522,0.159128025,25.3466301,0.007315828,5,59:51.5,,
5.00E-05,0.244718358,0.088063873,0.001472911,0.155181572,24.67886925,0.007300693,5,00:43.3,,
5.00E-05,0.25317806,0.085696466,0.001464463,0.166017145,24.5018425,0.007289601,5,01:35.3,,
5.00E-05,0.242965207,0.09211646,0.001410218,0.14943853,22.78718948,0.007264831,5,02:26.9,,
5.00E-05,0.24844569,0.084093876,0.001459138,0.162892684,24.2699337,0.007275585,5,03:18.9,,
5.00E-05,0.249199241,0.086297214,0.001376848,0.161525175,24.45829773,0.007257127,5,04:10.7,,
5.00E-05,0.24558413,0.094320133,0.001405696,0.149858296,23.39580536,0.007235103,5,05:02.6,,
5.00E-05,0.247524858,0.09389542,0.001532273,0.152097166,23.28159332,0.007229193,5,05:54.4,,
5.00E-05,0.241730809,0.089949504,0.001506514,0.150274798,24.14337921,0.007213515,5,06:46.3,,
5.00E-05,0.245177954,0.082962573,0.001364199,0.160851181,24.66519165,0.007230448,5,07:38.2,,
5.00E-05,0.247934103,0.083807871,0.001324791,0.162801445,24.41055679,0.007231819,5,08:30.1,,
5.00E-05,0.24322179,0.082013972,0.001326325,0.159881487,24.11686707,0.007232841,5,09:21.8,,
5.00E-05,0.240114272,0.079906471,0.001344503,0.158863291,25.61541367,0.007227814,5,10:13.8,,
5.00E-05,0.243888706,0.081456617,0.001407947,0.161024138,25.29263496,0.007225833,5,11:05.7,,
5.00E-05,0.233555883,0.080953062,0.001356684,0.151246145,24.473629,0.0071904,5,11:57.8,,
5.00E-05,0.254800498,0.087389544,0.001351157,0.166059792,23.85184479,0.007182573,5,12:49.5,,
5.00E-05,0.253264189,0.086683996,0.001435489,0.165144697,23.6095829,0.007180614,5,13:41.2,,
5.00E-05,0.222274914,0.081939757,0.001342747,0.138992414,24.10754204,0.007192255,5,14:33.1,,
5.00E-05,0.241590872,0.080874197,0.001396232,0.159320444,24.63999939,0.007184285,5,15:24.9,,
5.00E-05,0.247088909,0.089064971,0.001469757,0.156554177,23.6580162,0.007159997,5,16:16.5,,
5.00E-05,0.236733094,0.084309965,0.001346394,0.151076734,24.64273834,0.007157048,5,17:08.6,,
5.00E-05,0.247164279,0.093763314,0.001476037,0.151924923,22.95726967,0.007154775,5,18:00.3,,
5.00E-05,0.232353166,0.082232937,0.001430361,0.148689866,24.44909286,0.007126565,5,18:52.1,,
5.00E-05,0.231904149,0.088980183,0.001263026,0.141660944,24.13802338,0.007141493,5,19:44.0,,
5.00E-05,0.247687876,0.093837552,0.001360088,0.152490243,23.52881622,0.00713426,5,20:35.6,,
5.00E-05,0.250095487,0.087895282,0.001281476,0.160918713,24.12233162,0.007107954,5,21:27.4,,
5.00E-05,0.243012294,0.083501302,0.001364898,0.158146098,24.72670555,0.007110822,5,22:19.4,,
5.00E-05,0.259516537,0.094284639,0.001460956,0.163770959,22.64565659,0.007129723,5,23:13.1,,
5.00E-05,0.251919508,0.086434647,0.001288486,0.164196372,24.31787491,0.007106402,5,24:05.0,,
5.00E-05,0.24125427,0.088568434,0.001346081,0.151339754,23.89117813,0.00708907,5,24:56.7,,
5.00E-05,0.244036719,0.083866902,0.001305897,0.158863917,24.8815155,0.007080409,5,25:48.5,,
5.00E-05,0.240080625,0.084117003,0.001412533,0.154551089,25.00114822,0.007086032,5,26:40.5,,
5.00E-05,0.243113935,0.083576687,0.001268514,0.158268735,24.66358185,0.007104329,5,27:32.2,,
5.00E-05,0.237708062,0.085249171,0.001445484,0.151013404,24.85011673,0.007087289,5,28:23.9,,
5.00E-05,0.256268531,0.089570813,0.001313498,0.165384218,23.86370468,0.007074715,5,29:15.5,,
5.00E-05,0.255651414,0.088420726,0.001459174,0.165771514,23.52085495,0.007059554,5,30:07.4,,
5.00E-05,0.249515593,0.082816854,0.001245437,0.1654533,24.18818665,0.007066058,5,30:59.4,,
5.00E-05,0.236021727,0.078893319,0.001272534,0.155855879,25.74391556,0.007069963,5,31:51.1,,
5.00E-05,0.229373679,0.084206462,0.001417818,0.143749401,24.57722855,0.007086521,5,32:42.8,,
5.00E-05,0.241267651,0.083966635,0.001365197,0.155935824,24.17807579,0.007072711,5,33:34.4,,
5.00E-05,0.235843912,0.082815692,0.001268164,0.151760057,24.90142059,0.007053635,5,34:26.2,,
5.00E-05,0.243318886,0.084478058,0.001275673,0.157565162,24.67925072,0.007050363,5,35:18.2,,
5.00E-05,0.232368767,0.081165396,0.001235243,0.149968132,25.00314331,0.007035496,5,36:10.1,,
5.00E-05,0.272556245,0.095299043,0.001376383,0.175880834,22.62567139,0.007030305,5,37:01.8,,
5.00E-05,0.253382742,0.087328807,0.001237384,0.164816543,24.93781853,0.007034513,5,37:53.6,,
5.00E-05,0.250083834,0.08833015,0.001391121,0.160362557,24.15886307,0.007030717,5,38:45.2,,
5.00E-05,0.246488899,0.088197567,0.001283114,0.157008216,23.77584457,0.007019254,5,39:36.9,,
5.00E-05,0.244979978,0.088838048,0.001243297,0.154898629,23.40625763,0.007022625,5,40:28.7,,
5.00E-05,0.239305735,0.082897969,0.001243144,0.155164614,24.52050781,0.007026705,5,41:20.5,,
5.00E-05,0.232484043,0.087083355,0.001268762,0.144131929,24.21194267,0.007020984,5,42:12.3,,
5.00E-05,0.235058069,0.088246867,0.001297024,0.145514175,23.31136322,0.007003895,5,43:04.3,,
5.00E-05,0.239068002,0.078570694,0.001392019,0.159105286,25.44760513,0.006997058,5,43:56.2,,
5.00E-05,0.233194619,0.087215923,0.001238222,0.144740477,24.00565338,0.00698752,5,44:48.1,,
5.00E-05,0.254455894,0.095017463,0.001165933,0.15827249,22.56939888,0.006968942,5,45:40.2,,
5.00E-05,0.242283612,0.084971681,0.00131794,0.155993983,24.08539009,0.006959487,5,46:32.1,,
5.00E-05,0.232892573,0.087286629,0.001272362,0.144333586,23.74044037,0.006976021,5,47:23.9,,
5.00E-05,0.239465475,0.088013783,0.001205919,0.150245771,23.75304031,0.006967446,5,48:15.8,,
5.00E-05,0.254414201,0.093193032,0.001310449,0.159910724,22.88040924,0.006952283,5,49:07.6,,
5.00E-05,0.245039165,0.084726252,0.00118433,0.159128577,24.71291351,0.006979397,5,49:59.6,,
5.00E-05,0.232387543,0.087146722,0.001564506,0.143676326,23.7781868,0.006966709,5,50:51.3,,
5.00E-05,0.225162908,0.085128196,0.001294055,0.138740659,24.31433868,0.006946166,5,51:42.9,,
5.00E-05,0.250480622,0.089955047,0.001228831,0.159296751,23.24770355,0.006945523,5,52:34.5,,
5.00E-05,0.242652535,0.081400514,0.001396492,0.15985553,25.10925674,0.006920567,5,53:26.3,,
5.00E-05,0.246879786,0.088431023,0.001291289,0.157157466,22.86684036,0.006935202,5,54:18.2,,
5.00E-05,0.250941634,0.08675459,0.001245447,0.16294159,24.22562599,0.006940862,5,55:11.8,,
5.00E-05,0.248568729,0.092545941,0.001346483,0.154676303,23.19769669,0.006918228,5,56:03.8,,
5.00E-05,0.223565489,0.083204292,0.001217931,0.139143258,24.23265076,0.00690153,5,56:55.5,,
5.00E-05,0.262851447,0.087013543,0.0013146,0.174523309,24.3913765,0.006890573,5,57:47.2,,
5.00E-05,0.252269626,0.085966624,0.001234917,0.16506809,24.53950119,0.00688132,5,58:39.0,,
5.00E-05,0.237122923,0.086061008,0.001198915,0.14986299,23.76512146,0.006863123,5,59:30.9,,
5.00E-05,0.247895628,0.087136857,0.001416138,0.159342632,23.7570591,0.006869046,5,00:22.7,,
5.00E-05,0.245577335,0.089445338,0.001295713,0.154836282,23.81844521,0.006868126,5,01:14.4,,
5.00E-05,0.236802191,0.077789128,0.001244552,0.157768503,25.21989632,0.006871575,5,02:06.3,,
5.00E-05,0.240821868,0.080699973,0.001191601,0.158930287,25.17114639,0.006859145,5,02:57.9,,
5.00E-05,0.246397555,0.083031297,0.001259626,0.162106633,24.40112305,0.006850238,5,03:49.6,,
5.00E-05,0.235389784,0.084690437,0.001284658,0.149414688,24.94311905,0.006861075,5,04:41.3,,
5.00E-05,0.251434952,0.088903151,0.001201063,0.161330745,23.66729546,0.006857437,5,05:33.0,,
5.00E-05,0.236629784,0.085415713,0.0012087,0.15000537,24.16999626,0.006854084,5,06:24.8,,
5.00E-05,0.239517748,0.080800124,0.001192019,0.157525614,24.46457863,0.006870454,5,07:16.7,,
5.00E-05,0.237002194,0.083343215,0.001314995,0.152343974,23.79370499,0.00684902,5,08:08.8,,
5.00E-05,0.248124927,0.089870736,0.001304562,0.156949624,23.34998894,0.006832452,5,09:00.8,,
5.00E-05,0.246139467,0.084107578,0.001143609,0.160888284,24.83934402,0.006844916,5,09:52.8,,
5.00E-05,0.239672586,0.083726034,0.001210702,0.154735848,24.70090103,0.006839197,5,10:44.5,,
5.00E-05,0.243691027,0.08489529,0.001257678,0.157538056,24.61979294,0.006845993,5,11:55.1,,
5.00E-05,0.23642382,0.080273621,0.001319229,0.154830977,25.18387794,0.006812231,5,12:47.2,,
5.00E-05,0.246323735,0.084267311,0.001289648,0.160766765,24.60792732,0.006795979,5,13:39.0,,
5.00E-05,0.246417701,0.08130648,0.001220452,0.163890779,24.85435104,0.006792432,5,14:30.5,,
5.00E-05,0.241657645,0.079256363,0.001325385,0.161075905,25.15672684,0.006780727,5,15:22.1,,
5.00E-05,0.242230684,0.089992188,0.001266028,0.150972471,23.37101746,0.006769785,5,16:14.0,,
5.00E-05,0.227274597,0.076743282,0.001247255,0.149284065,25.98214722,0.006750556,5,17:05.8,,
5.00E-05,0.243249446,0.08265093,0.001165653,0.159432873,24.64942169,0.006748419,5,17:57.8,,
5.00E-05,0.241988271,0.083591811,0.001112196,0.15728426,24.38272095,0.006735811,5,18:49.5,,
5.00E-05,0.239349484,0.082319282,0.001283413,0.155746788,24.81042099,0.006704228,5,19:41.0,,
5.00E-05,0.240129232,0.084011346,0.001180505,0.154937372,24.94308472,0.006706853,5,20:32.7,,
5.00E-05,0.238464892,0.088735729,0.00119955,0.148529604,23.59967422,0.006695868,5,21:24.4,,
5.00E-05,0.243535072,0.085443206,0.00117816,0.156913713,23.92460251,0.006673962,5,22:16.1,,
5.00E-05,0.236449212,0.082466595,0.001229762,0.152752861,24.89763641,0.006649931,5,23:07.6,,
5.00E-05,0.230707049,0.077738263,0.001209536,0.151759252,25.12644577,0.006657574,5,23:59.3,,
5.00E-05,0.232947618,0.081105694,0.001231024,0.150610894,24.93958473,0.00665047,5,24:51.1,,
5.00E-05,0.252841115,0.089977719,0.001283743,0.161579669,22.80376053,0.00662877,5,25:42.9,,
5.00E-05,0.237075448,0.080066301,0.001206147,0.155802995,25.12951088,0.006598858,5,26:34.6,,
5.00E-05,0.241340399,0.089988276,0.001212663,0.150139466,23.55958939,0.006620794,5,27:28.1,,
5.00E-05,0.238460779,0.079068676,0.001158801,0.1582333,25.86370659,0.006608203,5,28:20.0,,
5.00E-05,0.238261998,0.084078528,0.001219258,0.152964205,24.79183006,0.006590572,5,29:11.9,,
5.00E-05,0.243987054,0.087221146,0.001186629,0.155579284,23.97693253,0.006578223,5,30:03.5,,
5.00E-05,0.240054697,0.088194296,0.001255671,0.15060474,23.82740784,0.006571545,5,30:55.1,,
5.00E-05,0.261982858,0.091957457,0.001200798,0.168824598,23.83426666,0.006578123,5,31:46.8,,
5.00E-05,0.243584841,0.083423913,0.001268461,0.158892468,24.85048294,0.006581662,5,32:38.7,,
5.00E-05,0.229939222,0.078642167,0.00117476,0.1501223,25.0811615,0.006564986,5,33:30.5,,
5.00E-05,0.239716351,0.080420025,0.001251283,0.158045039,24.28260803,0.006556896,5,34:22.4,,
5.00E-05,0.241296291,0.081675798,0.001119482,0.158501014,24.60828781,0.006561901,5,35:14.4,,
5.00E-05,0.249702394,0.089242905,0.00109436,0.159365132,23.79415894,0.006557021,5,36:06.2,,
5.00E-05,0.245295614,0.0846567,0.001308477,0.159330443,24.67132568,0.006545972,5,36:58.0,,
5.00E-05,0.245644525,0.084942669,0.001138104,0.15956375,23.83571243,0.006530848,5,37:49.7,,
5.00E-05,0.252538741,0.084196135,0.001288273,0.16705434,24.03980255,0.006533807,5,38:41.4,,
5.00E-05,0.235858649,0.089072771,0.001238305,0.145547584,24.37772751,0.006509383,5,39:33.0,,
5.00E-05,0.245738655,0.09105704,0.001194007,0.153487608,23.77739334,0.006517753,5,40:24.8,,
5.00E-05,0.236708671,0.084469713,0.001147519,0.151091442,23.72754288,0.006506633,5,41:16.5,,
5.00E-05,0.241011828,0.081491411,0.00113163,0.158388793,24.18998718,0.006512873,5,42:08.2,,
5.00E-05,0.249705568,0.085954338,0.001142036,0.16260919,23.79075813,0.006501779,5,42:59.7,,
5.00E-05,0.243233338,0.083817497,0.001206222,0.158209622,24.59018326,0.006502201,5,43:51.4,,
5.00E-05,0.235512882,0.082089022,0.001126127,0.152297735,24.05906868,0.006505138,5,44:43.3,,
5.00E-05,0.245839432,0.08393614,0.00114058,0.160762712,24.68512535,0.00650499,5,45:35.2,,
5.00E-05,0.245940045,0.081438169,0.00117719,0.163324684,25.24449348,0.006500722,5,46:27.1,,
,,,,,,,5,47:07.5,0.838776231,15.67648029
5.00E-05,0.231367469,0.079770789,0.001169601,0.150427073,24.83503151,0.006480701,5,47:58.5,,
5.00E-05,0.230787024,0.075986989,0.001137371,0.153662667,24.84581184,0.006525447,5,48:50.3,,
5.00E-05,0.23919782,0.085618071,0.001107502,0.152472243,23.85816765,0.006511885,5,49:42.0,,
5.00E-05,0.256987393,0.084771574,0.001100029,0.171115786,24.51571274,0.006525636,5,50:33.7,,
5.00E-05,0.241921395,0.085818097,0.001099387,0.15500392,24.04248047,0.00652061,5,51:25.6,,
5.00E-05,0.244318485,0.089524508,0.001157932,0.153636038,23.86077118,0.006499352,5,52:17.2,,
5.00E-05,0.243891865,0.081346937,0.001055232,0.161489695,24.34871292,0.006500971,5,53:09.0,,
5.00E-05,0.255639583,0.088729799,0.0011392,0.165770575,23.41997528,0.006499322,5,54:00.8,,
5.00E-05,0.23947075,0.080491535,0.001197546,0.157781661,24.86264038,0.006490414,5,54:52.8,,
5.00E-05,0.239092708,0.086666748,0.00112449,0.151301473,24.47210312,0.006473668,5,55:44.7,,
5.00E-05,0.240755856,0.081322894,0.001153622,0.158279344,25.22526169,0.006458902,5,56:36.5,,
5.00E-05,0.260788769,0.095739134,0.001203241,0.163846403,22.84668159,0.006471329,5,57:28.3,,
5.00E-05,0.239029586,0.082277052,0.001226833,0.155525699,24.69653893,0.006467547,5,58:20.0,,
5.00E-05,0.229996055,0.079233132,0.00124606,0.149516866,25.63359451,0.006444695,5,59:11.8,,
5.00E-05,0.251801193,0.089288488,0.001083747,0.161428943,23.97079277,0.006431415,5,00:05.5,,
5.00E-05,0.249459729,0.085810706,0.001222567,0.162426457,24.37016296,0.00641145,5,00:57.5,,
5.00E-05,0.228668317,0.083756998,0.001120523,0.143790796,24.44683266,0.006416775,5,01:49.3,,
5.00E-05,0.245781839,0.080631562,0.001286512,0.163863763,25.55153275,0.006440784,5,02:41.3,,
5.00E-05,0.235856444,0.089453407,0.001168191,0.145234838,23.12099648,0.006424304,5,03:33.1,,
5.00E-05,0.248390809,0.089068666,0.001238021,0.158084124,24.07074356,0.006431344,5,04:24.9,,
5.00E-05,0.245322943,0.077659324,0.001206551,0.166457072,25.69900894,0.006431108,5,05:16.9,,
5.00E-05,0.237770438,0.085444234,0.001246979,0.151079223,24.48421288,0.006391204,5,06:08.6,,
5.00E-05,0.237428874,0.082160413,0.001044089,0.154224381,24.58215904,0.006380978,5,07:00.4,,
5.00E-05,0.227721438,0.079294525,0.001211505,0.147215411,24.81630325,0.006392496,5,07:52.3,,
5.00E-05,0.239566267,0.074839838,0.00108625,0.163640186,25.2545433,0.006402358,5,08:44.2,,
5.00E-05,0.233401418,0.082685374,0.001143961,0.149572089,24.84178734,0.006411346,5,09:36.0,,
5.00E-05,0.237547785,0.084070593,0.001133099,0.152344093,23.77849579,0.006404145,5,10:27.9,,
5.00E-05,0.243731216,0.083296359,0.001149325,0.15928553,23.82628441,0.006380662,5,11:19.8,,
5.00E-05,0.237856865,0.082882769,0.001258365,0.15371573,25.13196182,0.006391286,5,12:11.7,,
5.00E-05,0.236311212,0.081767149,0.00111272,0.153431341,24.71400261,0.006375066,5,13:03.4,,
5.00E-05,0.249526143,0.087471478,0.00109889,0.160955772,22.92575073,0.006377407,5,13:55.4,,
5.00E-05,0.235530049,0.083267465,0.001158079,0.151104495,24.44645119,0.006373322,5,14:47.2,,
5.00E-05,0.236243904,0.081502698,0.00106087,0.153680325,24.37128067,0.006385621,5,15:39.0,,
5.00E-05,0.248838022,0.086138733,0.00120892,0.161490366,24.21154404,0.006381264,5,16:30.6,,
5.00E-05,0.225532442,0.080225386,0.001207007,0.144100055,24.55325127,0.006379853,5,17:22.4,,
5.00E-05,0.231471702,0.085422568,0.00110579,0.144943342,24.76417923,0.006372407,5,18:14.1,,
5.00E-05,0.249658316,0.085496031,0.001152352,0.163009927,23.71860504,0.006363012,5,19:06.0,,
5.00E-05,0.239816844,0.087775432,0.001073223,0.150968179,23.98299408,0.006362687,5,19:57.8,,
5.00E-05,0.24247539,0.087229639,0.001028159,0.154217586,23.95897675,0.006357938,5,20:49.7,,
5.00E-05,0.251716167,0.088254653,0.00110573,0.162355781,22.98905182,0.00636568,5,21:41.5,,
5.00E-05,0.255266875,0.090570793,0.001212111,0.163483977,22.736166,0.006339462,5,22:33.5,,
5.00E-05,0.228227109,0.082756862,0.001130697,0.144339547,23.73003769,0.006345642,5,23:25.3,,
5.00E-05,0.230854541,0.080383375,0.001085148,0.149386019,25.03408432,0.006347046,5,24:17.2,,
5.00E-05,0.24180159,0.087087072,0.001080899,0.153633624,24.18693352,0.006346839,5,25:08.9,,
5.00E-05,0.242065936,0.086661845,0.001213836,0.154190257,23.97751999,0.006344141,5,26:00.8,,
5.00E-05,0.244931936,0.076039702,0.000979892,0.167912349,25.84956169,0.006347125,5,26:52.6,,
5.00E-05,0.235842228,0.081659399,0.00107822,0.153104603,25.15233994,0.006358032,5,27:44.5,,
5.00E-05,0.239075944,0.082335554,0.001064261,0.155676126,24.13937759,0.006347527,5,28:36.2,,
5.00E-05,0.248225808,0.08547195,0.001166695,0.161587164,24.01613998,0.006363422,5,29:28.0,,
5.00E-05,0.236864612,0.084554806,0.001082021,0.151227787,24.18595314,0.006354201,5,30:19.8,,
5.00E-05,0.239737004,0.082337894,0.001133877,0.156265244,24.49865723,0.006342408,5,31:11.7,,
5.00E-05,0.239947826,0.081285149,0.00114608,0.157516599,25.29117775,0.006347039,5,32:05.3,,
5.00E-05,0.233904973,0.080931164,0.001070868,0.151902944,25.68221664,0.006360871,5,32:57.2,,
5.00E-05,0.233904153,0.083435342,0.001057631,0.149411187,24.87010002,0.006358614,5,33:48.9,,
5.00E-05,0.254555345,0.085420832,0.001128206,0.168006301,24.28739166,0.00636565,5,34:40.5,,
5.00E-05,0.234916776,0.083143719,0.001086,0.150687054,24.6874218,0.006349292,5,35:32.5,,
5.00E-05,0.23740536,0.076249197,0.001168229,0.159987926,25.58722305,0.006350503,5,36:24.3,,
5.00E-05,0.237231791,0.084035479,0.001098815,0.152097493,24.57266045,0.006367052,5,37:16.1,,
5.00E-05,0.250187248,0.095017262,0.001119761,0.154050216,23.10823059,0.006360352,5,38:08.1,,
5.00E-05,0.239135295,0.079341717,0.001115659,0.158677921,25.14678955,0.006350706,5,39:18.7,,
5.00E-05,0.226668939,0.080074817,0.001237601,0.145356521,25.65779877,0.006359855,5,40:10.4,,
5.00E-05,0.248736113,0.085807785,0.001261364,0.161666974,23.86693573,0.006359612,5,41:02.4,,
5.00E-05,0.239591315,0.087191522,0.001211197,0.151188597,23.7484951,0.006364584,5,41:54.4,,
5.00E-05,0.228810713,0.083660312,0.001181624,0.143968776,24.54774094,0.006352332,5,42:46.4,,
5.00E-05,0.252574354,0.089225978,0.001210947,0.162137419,23.4029007,0.006337218,5,43:38.2,,
5.00E-05,0.243222713,0.080545455,0.001208656,0.16146861,25.40699387,0.006341776,5,44:29.8,,
5.00E-05,0.241400257,0.08546979,0.001164577,0.154765889,24.28342056,0.006342762,5,45:21.3,,
5.00E-05,0.238190204,0.082444519,0.001169826,0.154575869,24.69650078,0.006338859,5,46:13.1,,
5.00E-05,0.239154875,0.081077293,0.001143696,0.156933889,24.65299225,0.006321906,5,47:05.0,,
5.00E-05,0.236638427,0.08673685,0.001189728,0.148711845,23.90412331,0.006342741,5,47:56.7,,
5.00E-05,0.236902952,0.081022091,0.001226271,0.154654592,25.45538139,0.006358517,5,48:48.3,,
5.00E-05,0.230090857,0.080440089,0.001135775,0.148514986,24.79303551,0.006344655,5,49:40.0,,
5.00E-05,0.228416473,0.081986561,0.00118209,0.145247832,24.44168854,0.006326417,5,50:31.7,,
5.00E-05,0.241565719,0.084696628,0.00118271,0.155686378,23.97389412,0.006343681,5,51:23.5,,
5.00E-05,0.238646269,0.085291959,0.001068724,0.152285576,24.10184669,0.006362463,5,52:15.3,,
5.00E-05,0.237237468,0.08252234,0.001255399,0.153459728,24.53764915,0.006361356,5,53:07.0,,
5.00E-05,0.230415151,0.082712002,0.001143627,0.146559522,24.54627609,0.00636064,5,53:58.7,,
5.00E-05,0.250059247,0.085326351,0.001106312,0.163626581,24.16110802,0.006388912,5,54:50.5,,
5.00E-05,0.242801443,0.080471694,0.001037254,0.161292493,25.31371117,0.00638127,5,55:42.3,,
5.00E-05,0.241766393,0.08112102,0.001072742,0.159572631,25.24647903,0.006387091,5,56:33.9,,
5.00E-05,0.23421824,0.080129288,0.00118935,0.152899608,25.32608986,0.006364312,5,57:26.1,,
5.00E-05,0.237723023,0.080890551,0.001121309,0.155711159,24.69033813,0.006363103,5,58:17.9,,
5.00E-05,0.233065486,0.081370667,0.001187597,0.150507212,24.85798836,0.006351024,5,59:09.5,,
5.00E-05,0.245550841,0.079651266,0.001203348,0.164696231,25.4878521,0.006348571,5,00:01.2,,
5.00E-05,0.233754963,0.077779345,0.001180105,0.154795513,25.53995323,0.00635146,5,00:53.0,,
5.00E-05,0.231256247,0.080085091,0.001114197,0.150056958,24.76074219,0.006344858,5,01:44.8,,
5.00E-05,0.240590259,0.082986966,0.001145037,0.156458259,23.89591026,0.006338659,5,02:36.5,,
5.00E-05,0.250476211,0.084394798,0.001246019,0.164835393,24.70476151,0.006331306,5,03:28.3,,
5.00E-05,0.228991389,0.07940428,0.001141163,0.148445949,24.91944504,0.006337181,5,04:21.7,,
5.00E-05,0.253003508,0.088895321,0.001079543,0.163028643,23.88235474,0.006349819,5,05:13.5,,
5.00E-05,0.235868961,0.081770174,0.00111434,0.152984455,25.23381996,0.00635812,5,06:05.4,,
5.00E-05,0.239686996,0.084182195,0.00116211,0.154342696,24.65866852,0.006371347,5,06:57.2,,
5.00E-05,0.235598207,0.082244933,0.001191751,0.152161524,24.9882679,0.006363006,5,07:49.1,,
5.00E-05,0.250531137,0.085526772,0.001072065,0.163932309,24.35712433,0.006371468,5,08:40.9,,
5.00E-05,0.253679812,0.089048579,0.001295852,0.163335368,23.98386955,0.006366545,5,09:32.8,,
5.00E-05,0.230568618,0.078518927,0.00115932,0.150890365,25.14791679,0.006336181,5,10:24.6,,
5.00E-05,0.2452586,0.077103451,0.001085275,0.167069882,25.38318825,0.006356049,5,11:16.3,,
5.00E-05,0.240245968,0.085209921,0.001152181,0.15388386,24.01825905,0.006342653,5,12:08.1,,
5.00E-05,0.23409836,0.081097119,0.001138842,0.151862398,24.95895576,0.006329915,5,12:59.9,,
5.00E-05,0.241359249,0.086337559,0.001193234,0.153828457,24.55511284,0.006343406,5,13:51.7,,
5.00E-05,0.254942656,0.084931985,0.001157806,0.168852881,23.73150253,0.00635189,5,14:43.5,,
5.00E-05,0.247208476,0.08322496,0.001146624,0.162836894,24.1587944,0.006355986,5,15:35.3,,
5.00E-05,0.238526121,0.078421354,0.001098958,0.159005806,25.50008392,0.006358008,5,16:27.2,,
5.00E-05,0.245506763,0.085926943,0.00119273,0.158387095,24.90737724,0.006336398,5,17:19.0,,
5.00E-05,0.233893573,0.080719754,0.001137233,0.152036592,24.81232643,0.006345908,5,18:10.9,,
5.00E-05,0.231809586,0.082301646,0.001201812,0.148306131,25.49546242,0.006331156,5,19:02.8,,
5.00E-05,0.243412822,0.08555077,0.00113657,0.156725481,24.10754776,0.006327422,5,19:54.5,,
5.00E-05,0.240723222,0.077614829,0.001053835,0.162054569,25.15363884,0.006314022,5,20:46.1,,
5.00E-05,0.239822567,0.087741248,0.001153157,0.150928169,23.27993011,0.006305429,5,21:37.9,,
5.00E-05,0.246227026,0.083282806,0.001063927,0.161880285,24.03051186,0.006302829,5,22:29.6,,
5.00E-05,0.244329959,0.08476679,0.001072353,0.158490822,23.59503555,0.006308882,5,23:21.3,,
5.00E-05,0.239195317,0.079815991,0.00121935,0.158159971,25.2304287,0.006289558,5,24:12.9,,
5.00E-05,0.238219857,0.082164884,0.001209526,0.154845446,24.3316803,0.006302934,5,25:04.7,,
5.00E-05,0.244925201,0.086893559,0.001112785,0.156918868,24.28392792,0.006283962,5,25:56.6,,
5.00E-05,0.231160864,0.077515975,0.001141651,0.152503237,25.4071064,0.006291062,5,26:48.2,,
5.00E-05,0.239700466,0.086133815,0.001126175,0.152440473,24.28665352,0.006284172,5,27:40.0,,
5.00E-05,0.238140583,0.083865583,0.001238661,0.153036341,24.73490143,0.006295209,5,28:31.8,,
5.00E-05,0.249686345,0.086312503,0.001097202,0.162276641,24.19738388,0.006296253,5,29:23.6,,
5.00E-05,0.236160874,0.084145784,0.001219735,0.150795355,24.25627136,0.006290411,5,30:15.4,,
5.00E-05,0.24015516,0.080686554,0.00120414,0.158264473,24.59461212,0.006307528,5,31:07.3,,
5.00E-05,0.24580875,0.080754191,0.001179777,0.16387479,25.03288078,0.006292169,5,31:59.2,,
5.00E-05,0.232584774,0.080598019,0.00113514,0.150851607,24.06289291,0.006277146,5,32:51.1,,
5.00E-05,0.231793046,0.083184116,0.001066996,0.147541925,24.23085403,0.006281146,5,33:43.0,,
5.00E-05,0.240993977,0.078689791,0.001196626,0.16110757,25.34958839,0.006271046,5,34:34.8,,
5.00E-05,0.247301131,0.084519088,0.001206685,0.161575362,24.93180466,0.006273645,5,35:26.6,,
5.00E-05,0.243428081,0.085595801,0.001227107,0.156605169,23.46276855,0.006268244,5,36:20.2,,
5.00E-05,0.244187832,0.079996012,0.001100613,0.163091213,25.41068649,0.006253846,5,37:12.2,,
5.00E-05,0.233209088,0.081784636,0.001140324,0.150284126,24.86781883,0.006271096,5,38:04.0,,
5.00E-05,0.24379091,0.087961301,0.00108476,0.154744849,24.0351181,0.00625313,5,38:55.8,,
5.00E-05,0.240973145,0.080185123,0.001142812,0.159645215,25.38578796,0.006283258,5,39:47.7,,
5.00E-05,0.235881358,0.078536637,0.001107565,0.156237155,25.46449471,0.006282287,5,40:39.7,,
5.00E-05,0.251243591,0.086579822,0.001115885,0.163547873,23.4542942,0.006291422,5,41:31.5,,
5.00E-05,0.238690376,0.085040107,0.001176842,0.15247342,24.3134594,0.006280209,5,42:23.3,,
5.00E-05,0.236228287,0.079941094,0.001096354,0.15519084,24.65684891,0.006272888,5,43:15.2,,
5.00E-05,0.235545129,0.084830292,0.001080972,0.149633855,24.08094788,0.006270824,5,44:07.1,,
5.00E-05,0.25394991,0.087008834,0.001134968,0.165806115,23.00035858,0.006256592,5,44:59.0,,
5.00E-05,0.232750773,0.079885364,0.001143557,0.15172185,25.38390732,0.006266697,5,45:50.8,,
5.00E-05,0.239801779,0.077410676,0.001138994,0.161252111,25.56625748,0.006273675,5,46:42.7,,
5.00E-05,0.233955935,0.078839749,0.001175599,0.153940588,25.74792099,0.006252659,5,47:34.5,,
5.00E-05,0.234734803,0.084380664,0.001190421,0.149163723,24.17240334,0.006247893,5,48:26.2,,
5.00E-05,0.227202833,0.078805849,0.00121341,0.147183582,25.23981285,0.006272081,5,49:18.1,,
5.00E-05,0.246657789,0.081947744,0.00111074,0.163599312,24.88111496,0.006280086,5,50:09.8,,
5.00E-05,0.240330398,0.088020422,0.001078565,0.151231408,23.84109116,0.006251534,5,51:01.5,,
5.00E-05,0.236609459,0.085962884,0.001208024,0.14943856,23.94897842,0.0062667,5,51:53.3,,
5.00E-05,0.221405447,0.079234071,0.001150742,0.141020626,25.11652184,0.006262024,5,52:45.0,,
5.00E-05,0.238997921,0.080972239,0.001124638,0.156901047,24.86388779,0.006251704,5,53:36.6,,
5.00E-05,0.23771432,0.084339917,0.001242393,0.152132019,23.90403748,0.006258294,5,54:28.5,,
5.00E-05,0.234485954,0.075943872,0.001130762,0.157411322,25.80077362,0.006258248,5,55:20.3,,
5.00E-05,0.247157753,0.090797834,0.0012161,0.155143812,23.30653954,0.006244209,5,56:12.2,,
5.00E-05,0.245142102,0.080373771,0.001085579,0.163682744,25.70994568,0.006247079,5,57:04.0,,
5.00E-05,0.222147569,0.074370831,0.001175421,0.146601319,26.18193626,0.006246695,5,57:55.8,,
5.00E-05,0.223298386,0.076384746,0.001054579,0.145859063,24.5404644,0.006263981,5,58:47.6,,
5.00E-05,0.237467751,0.084950581,0.00099744,0.151519731,24.71210861,0.006250134,5,59:39.5,,
5.00E-05,0.247592404,0.08017198,0.00108022,0.166340202,24.72644615,0.006272846,5,00:31.3,,
5.00E-05,0.22660543,0.078750305,0.001116283,0.146738842,25.31772614,0.00625815,5,01:23.1,,
5.00E-05,0.252161711,0.090098098,0.001180407,0.160883203,23.42459106,0.006251073,5,02:14.9,,
5.00E-05,0.259280503,0.087927401,0.001233643,0.170119449,23.3520813,0.006250911,5,03:06.8,,
5.00E-05,0.231456071,0.076759569,0.001289891,0.15340662,25.62975311,0.006265045,5,03:58.3,,
5.00E-05,0.240883946,0.081525989,0.001219329,0.158138633,24.6847229,0.006254504,5,04:50.2,,
5.00E-05,0.247022688,0.080869123,0.001273587,0.164879978,24.74739456,0.006250021,5,06:00.1,,
5.00E-05,0.256253302,0.081594095,0.001176182,0.173483044,24.90568924,0.006276991,5,06:52.2,,
5.00E-05,0.234911591,0.081033722,0.001191966,0.15268591,24.86644936,0.006253523,5,07:46.0,,
5.00E-05,0.249813884,0.085595064,0.001258907,0.162959918,24.41645813,0.006243938,5,08:37.8,,
5.00E-05,0.234506994,0.085100047,0.001085439,0.148321509,23.98062706,0.006258532,5,09:29.8,,
5.00E-05,0.242242575,0.079888977,0.001229507,0.161124095,24.61096573,0.006243601,5,10:21.6,,
5.00E-05,0.254787445,0.08611095,0.00113353,0.167542964,23.21081924,0.0062252,5,11:13.2,,
5.00E-05,0.242347062,0.082704842,0.001249915,0.158392295,24.87490463,0.006231972,5,12:04.9,,
5.00E-05,0.240092471,0.085017428,0.001184706,0.153890342,24.30186462,0.006237248,5,12:56.6,,
5.00E-05,0.235469788,0.080198079,0.001158829,0.15411289,24.35572052,0.006232697,5,13:48.5,,
5.00E-05,0.240951374,0.081043437,0.001117961,0.158789977,25.2501297,0.006242872,5,14:40.3,,
5.00E-05,0.241544276,0.080723561,0.001238121,0.1595826,24.64228821,0.006235384,5,15:32.2,,
5.00E-05,0.250717729,0.083730139,0.00118619,0.165801391,24.93919563,0.006229693,5,16:24.0,,
5.00E-05,0.235709473,0.076481618,0.00105413,0.158173725,25.86009598,0.006245713,5,17:15.9,,
5.00E-05,0.223992079,0.080925852,0.001118462,0.141947776,25.70872879,0.006254504,5,18:07.7,,
5.00E-05,0.241580397,0.076082878,0.001103761,0.164393753,24.68605232,0.006253873,5,18:59.6,,
5.00E-05,0.249205112,0.084053941,0.00117595,0.163975224,24.7295742,0.006261144,5,19:51.2,,
5.00E-05,0.22792986,0.079067349,0.001193484,0.147669032,25.55830956,0.006269925,5,20:42.9,,
5.00E-05,0.234541267,0.080875888,0.001115825,0.15254955,25.30960274,0.006263144,5,21:34.6,,
5.00E-05,0.230617285,0.082697891,0.001218263,0.146701127,24.69130516,0.006251469,5,22:26.4,,
5.00E-05,0.240287542,0.081474341,0.001274215,0.157538995,24.49151802,0.006241959,5,23:18.4,,
5.00E-05,0.244398504,0.085748732,0.00121827,0.157431513,23.98714828,0.006239705,5,24:10.3,,
5.00E-05,0.244269252,0.085082717,0.001096202,0.158090338,24.16403961,0.006216073,5,25:02.2,,
5.00E-05,0.237973869,0.075595379,0.001105531,0.161272958,26.01569748,0.00619814,5,25:54.0,,
5.00E-05,0.227060884,0.078162223,0.001186554,0.147712097,25.85920715,0.006195492,5,26:45.7,,
5.00E-05,0.234844625,0.079763986,0.001123803,0.153956831,25.1974659,0.006203181,5,27:37.5,,
5.00E-05,0.226721495,0.082516432,0.001221962,0.142983109,24.43706322,0.006194006,5,28:29.5,,
5.00E-05,0.229382187,0.078873158,0.0012432,0.149265826,24.08953667,0.006185945,5,29:21.5,,
5.00E-05,0.24299863,0.088392794,0.00108493,0.153520912,22.95077896,0.006198013,5,30:13.3,,
5.00E-05,0.236019552,0.079815425,0.001221094,0.154983029,25.28487968,0.006179839,5,31:05.1,,
5.00E-05,0.240572035,0.079825796,0.001083254,0.159662992,24.87568665,0.006181865,5,31:56.8,,
5.00E-05,0.236743316,0.089431927,0.001152772,0.146158621,22.94687271,0.006155961,5,32:48.6,,
5.00E-05,0.232189268,0.086254731,0.001186364,0.144748181,24.30881882,0.006175082,5,33:40.4,,
5.00E-05,0.24768354,0.082086213,0.001167336,0.164429992,24.48737335,0.006158683,5,34:32.3,,
5.00E-05,0.24582991,0.078337602,0.001167108,0.166325197,25.56027985,0.006162893,5,35:24.0,,
5.00E-05,0.240020663,0.078232676,0.001143253,0.16064474,26.20211792,0.006160207,5,36:15.8,,
5.00E-05,0.246413335,0.084713094,0.001125375,0.160574868,23.64202499,0.00616068,5,37:07.5,,
5.00E-05,0.235221133,0.077999569,0.00112862,0.156092942,24.92084885,0.006167211,5,37:59.2,,
5.00E-05,0.253131032,0.085666947,0.001188998,0.166275069,23.89004135,0.006183309,5,38:51.0,,
5.00E-05,0.24061875,0.085598812,0.001204518,0.153815418,24.22505379,0.006173095,5,39:43.0,,
5.00E-05,0.233291939,0.081950203,0.001065628,0.15027611,24.61128426,0.006160748,5,40:36.7,,
,,,,,,,5,41:16.8,0.839079261,15.64569378
5.00E-05,0.252010882,0.086161204,0.001196867,0.164652824,23.71572113,0.006160668,5,42:08.3,,
5.00E-05,0.257314086,0.089577429,0.001208897,0.166527763,23.95879555,0.006167655,5,43:00.2,,
5.00E-05,0.227213919,0.075906985,0.00113051,0.150176436,25.82706451,0.006166255,5,43:52.0,,
5.00E-05,0.235778823,0.081368655,0.001217512,0.153192654,24.17882919,0.006164412,5,44:43.7,,
5.00E-05,0.254784673,0.088248022,0.001224982,0.165311664,23.23210907,0.006165394,5,45:35.4,,
5.00E-05,0.23807019,0.084590353,0.001117676,0.152362153,23.43626213,0.006152164,5,46:27.2,,
5.00E-05,0.242872059,0.083089985,0.001161076,0.158620998,25.21540833,0.006141533,5,47:18.9,,
5.00E-05,0.242158294,0.080773354,0.001105569,0.160279363,24.99839973,0.006160745,5,48:10.9,,
5.00E-05,0.247478575,0.080587991,0.001100688,0.165789887,25.49186897,0.006158647,5,49:02.8,,
5.00E-05,0.250340968,0.093536019,0.001231826,0.15557313,23.15449715,0.006155923,5,49:54.7,,
5.00E-05,0.232525587,0.088470899,0.001126225,0.142928466,23.13549232,0.006136969,5,50:46.4,,
5.00E-05,0.2376398,0.082940824,0.001041119,0.153657854,24.40963936,0.006150671,5,51:38.0,,
5.00E-05,0.247878939,0.084741533,0.001119728,0.162017688,24.1345253,0.006151117,5,52:29.7,,
5.00E-05,0.246262163,0.084030122,0.001034435,0.161197603,23.94542503,0.006168575,5,53:21.4,,
5.00E-05,0.244437307,0.085154995,0.001120542,0.158161759,23.93996239,0.006159411,5,54:13.2,,
5.00E-05,0.239059061,0.078024365,0.001063126,0.15997158,25.12074471,0.006145241,5,55:04.9,,
5.00E-05,0.239307761,0.083781585,0.001196632,0.154329553,24.54627609,0.006158262,5,55:56.6,,
5.00E-05,0.229358897,0.078709051,0.001153946,0.1494959,25.46401787,0.006162081,5,56:48.3,,
5.00E-05,0.243282616,0.085671991,0.001238433,0.15637219,23.74104309,0.006139864,5,57:40.2,,
5.00E-05,0.234231561,0.078652054,0.001137383,0.154442117,25.31053352,0.006143457,5,58:32.1,,
5.00E-05,0.222572505,0.080091715,0.001179067,0.141301721,25.31920242,0.006152114,5,59:24.1,,
5.00E-05,0.232559517,0.080027379,0.001337119,0.151195019,24.82979012,0.006162355,5,00:15.8,,
5.00E-05,0.23120749,0.081939928,0.00122585,0.14804171,24.7490921,0.006171876,5,01:07.7,,
5.00E-05,0.226421162,0.080334648,0.001164661,0.144921854,25.24884224,0.006161943,5,01:59.5,,
5.00E-05,0.239706948,0.081912644,0.00125792,0.156536385,24.82666779,0.006180812,5,02:51.3,,
5.00E-05,0.237428769,0.084230766,0.001161234,0.152036771,24.80859947,0.006177241,5,03:43.0,,
5.00E-05,0.230956197,0.085716449,0.001201647,0.144038096,23.85391426,0.006167964,5,04:34.9,,
5.00E-05,0.241550356,0.084613487,0.001173786,0.15576309,24.06694603,0.006195968,5,05:26.9,,
5.00E-05,0.237591654,0.076319166,0.00120671,0.160065785,25.89394569,0.006173178,5,06:18.7,,
5.00E-05,0.23557356,0.083476506,0.001255349,0.150841713,24.47037506,0.006175286,5,07:10.6,,
5.00E-05,0.227445036,0.080713212,0.001381869,0.145349964,24.82397842,0.006175586,5,08:02.4,,
5.00E-05,0.230912149,0.076318696,0.001192389,0.153401062,25.23786736,0.006193864,5,08:54.4,,
5.00E-05,0.222630233,0.083082996,0.00112432,0.138422921,24.25147629,0.006195155,5,09:46.3,,
5.00E-05,0.238164246,0.076087289,0.001090272,0.160986692,25.00076294,0.006176216,5,10:38.1,,
5.00E-05,0.241968155,0.08300864,0.001085601,0.157873914,24.44668579,0.006175286,5,11:30.1,,
5.00E-05,0.237427279,0.077581763,0.001210407,0.15863511,25.86387444,0.006157634,5,12:23.7,,
5.00E-05,0.245945647,0.084731705,0.001093527,0.160120413,24.4901371,0.006146085,5,13:15.8,,
5.00E-05,0.233172148,0.076394193,0.001047653,0.155730292,25.03462601,0.006133941,5,14:07.8,,
5.00E-05,0.240360677,0.081498533,0.001021823,0.157840312,24.59315491,0.00612217,5,14:59.7,,
5.00E-05,0.238678575,0.078087531,0.001117424,0.159473628,24.9480629,0.006119672,5,15:51.4,,
5.00E-05,0.234195203,0.081443049,0.001259631,0.151492521,24.84778214,0.006109593,5,16:43.5,,
5.00E-05,0.227466479,0.08152619,0.001121406,0.144818887,25.17277718,0.006117858,5,17:35.4,,
5.00E-05,0.24243468,0.085014708,0.001259548,0.156160414,24.25190735,0.006090869,5,18:27.3,,
5.00E-05,0.237359643,0.077106729,0.001042757,0.15921016,25.31682205,0.006067996,5,19:19.1,,
5.00E-05,0.240181118,0.076336466,0.001060432,0.162784219,25.80049515,0.006092998,5,20:11.0,,
5.00E-05,0.241165861,0.081958055,0.001163114,0.158044696,24.45848465,0.006101325,5,21:02.7,,
5.00E-05,0.222876757,0.077121928,0.001065324,0.1446895,25.14030457,0.00610202,5,21:54.7,,
5.00E-05,0.231189609,0.078272872,0.001235635,0.15168111,25.39697266,0.006093483,5,22:46.4,,
5.00E-05,0.240211859,0.079620257,0.001142368,0.159449235,24.924963,0.006089339,5,23:38.3,,
5.00E-05,0.245776385,0.081718229,0.00118672,0.162871435,24.91254616,0.006077735,5,24:30.2,,
5.00E-05,0.231292874,0.083858177,0.001092739,0.146341965,23.76953506,0.006098629,5,25:22.2,,
5.00E-05,0.236483961,0.074838094,0.001076878,0.160568997,25.83867264,0.006094314,5,26:14.0,,
5.00E-05,0.232268617,0.077005409,0.001187583,0.154075623,25.07574463,0.006083955,5,27:05.7,,
5.00E-05,0.237711877,0.079714417,0.001104701,0.156892762,24.57744789,0.006075037,5,27:57.5,,
5.00E-05,0.219783306,0.082492143,0.001314624,0.135976538,24.59393692,0.006078312,5,28:49.5,,
5.00E-05,0.227270663,0.077353776,0.001058595,0.148858294,25.13778496,0.006080654,5,29:41.1,,
5.00E-05,0.244463235,0.085661344,0.001063459,0.157738432,23.11617851,0.006081813,5,30:33.1,,
5.00E-05,0.245990276,0.081527844,0.001155398,0.163307041,24.38133049,0.006090412,5,31:25.1,,
5.00E-05,0.218743473,0.08010789,0.001136148,0.137499437,24.27537918,0.006106476,5,32:17.1,,
5.00E-05,0.228760272,0.080076285,0.001175368,0.147508621,25.08529472,0.006119232,5,33:27.7,,
5.00E-05,0.243146867,0.090438724,0.001126549,0.1515816,23.69895744,0.006121713,5,34:19.7,,
5.00E-05,0.249604017,0.083792612,0.001202172,0.164609239,24.34795189,0.006135333,5,35:11.5,,
5.00E-05,0.233603626,0.079510525,0.001302025,0.152791083,24.86162949,0.006134736,5,36:03.2,,
5.00E-05,0.241064101,0.079225771,0.001164166,0.160674155,25.50234795,0.006138687,5,36:55.0,,
5.00E-05,0.234443605,0.077406526,0.001152671,0.155884415,25.62272263,0.006170765,5,37:46.9,,
5.00E-05,0.231270015,0.080652893,0.001211638,0.149405494,24.7442646,0.006166611,5,38:38.8,,
5.00E-05,0.241908312,0.075955138,0.001116793,0.164836392,25.13031769,0.006164923,5,39:30.7,,
5.00E-05,0.221408293,0.077889435,0.001134043,0.142384812,25.49404526,0.006162998,5,40:22.5,,
5.00E-05,0.249942109,0.078372829,0.001091069,0.17047821,25.70017052,0.006163794,5,41:14.5,,
5.00E-05,0.235598877,0.07910081,0.001175648,0.155322418,24.62650299,0.006166084,5,42:06.3,,
5.00E-05,0.237540513,0.079410762,0.00116633,0.156963423,24.47457314,0.00615511,5,42:58.3,,
5.00E-05,0.245906577,0.085203566,0.001084696,0.159618318,23.80246735,0.006169199,5,43:51.9,,
5.00E-05,0.238421515,0.076456301,0.001063188,0.160902023,25.35187531,0.006185553,5,44:43.9,,
5.00E-05,0.253814459,0.088331789,0.001200272,0.164282382,23.57002258,0.006181195,5,45:35.8,,
5.00E-05,0.225627154,0.076265141,0.001130303,0.148231715,25.19833374,0.00617505,5,46:27.5,,
5.00E-05,0.239421353,0.081947364,0.001102437,0.156371549,23.89080048,0.006170364,5,47:19.3,,
5.00E-05,0.252345622,0.092859164,0.001134834,0.15835163,23.04653168,0.00619095,5,48:11.0,,
5.00E-05,0.223327488,0.084222689,0.001191968,0.13791284,23.87499046,0.006194131,5,49:02.8,,
5.00E-05,0.237548262,0.080463059,0.00112605,0.155959159,24.99410439,0.006169469,5,49:54.5,,
5.00E-05,0.223778188,0.076899141,0.001166636,0.14571242,25.48524475,0.006157308,5,50:46.2,,
5.00E-05,0.235657036,0.081066243,0.001080581,0.153510213,25.00419807,0.006160263,5,51:38.4,,
5.00E-05,0.233580023,0.080088794,0.001154026,0.152337193,24.77748108,0.006153663,5,52:30.3,,
5.00E-05,0.259425342,0.093645528,0.001097789,0.164682031,23.06638908,0.006140552,5,53:22.0,,
5.00E-05,0.240324497,0.083760291,0.001070768,0.155493438,23.58022499,0.006121654,5,54:13.9,,
5.00E-05,0.242214531,0.0845792,0.001261793,0.156373546,24.52681732,0.006135419,5,55:05.9,,
5.00E-05,0.23779735,0.083233446,0.001071564,0.153492346,23.42325401,0.006133575,5,55:57.8,,
5.00E-05,0.232944831,0.07761085,0.001183362,0.15415062,25.25972748,0.006143109,5,56:49.6,,
5.00E-05,0.251180261,0.082694024,0.001292149,0.167194098,24.17378235,0.006112419,5,57:41.2,,
5.00E-05,0.246055216,0.085217454,0.001158185,0.159679577,24.30741119,0.006127376,5,58:33.0,,
5.00E-05,0.245742962,0.079685554,0.001130135,0.164927274,24.51958466,0.006120501,5,59:24.8,,
5.00E-05,0.239827991,0.079140179,0.001102201,0.15958561,24.58880615,0.006119156,5,00:16.6,,
5.00E-05,0.236786544,0.080206469,0.001075678,0.155504391,24.77576065,0.006139009,5,01:08.6,,
5.00E-05,0.212738723,0.075361587,0.001149106,0.13622804,25.40611267,0.006148231,5,02:00.6,,
5.00E-05,0.242721349,0.082393728,0.001104965,0.159222648,24.99428558,0.006140815,5,02:52.5,,
5.00E-05,0.232545435,0.077306755,0.001165344,0.154073328,25.88659477,0.006168881,5,03:44.4,,
5.00E-05,0.232926488,0.077149987,0.001077994,0.154698506,25.46876717,0.006174638,5,04:36.2,,
5.00E-05,0.241876215,0.081225693,0.001092737,0.15955779,24.98204803,0.006149774,5,05:28.1,,
5.00E-05,0.24762477,0.087515473,0.001103554,0.159005746,23.4372673,0.006139762,5,06:19.9,,
5.00E-05,0.245903656,0.080625832,0.001280756,0.163997069,25.05701065,0.006138901,5,07:11.7,,
5.00E-05,0.244188994,0.080804072,0.001151135,0.162233785,24.35408783,0.006126367,5,08:03.4,,
5.00E-05,0.241183251,0.081959836,0.001081161,0.158142254,24.38038826,0.006131423,5,08:55.1,,
5.00E-05,0.230690077,0.080673866,0.001160748,0.148855463,24.84539795,0.006124875,5,09:46.9,,
5.00E-05,0.233479515,0.078444034,0.001047265,0.153988212,24.66996002,0.006141389,5,10:38.8,,
5.00E-05,0.236073509,0.077238403,0.001133229,0.15770188,25.44796371,0.006145154,5,11:30.6,,
5.00E-05,0.230739504,0.076450504,0.001174075,0.153114915,25.78036308,0.006140713,5,12:22.6,,
5.00E-05,0.239674658,0.084043071,0.001098938,0.154532641,25.00951958,0.006140022,5,13:14.3,,
5.00E-05,0.230548501,0.080902934,0.001193872,0.148451686,25.01778412,0.00613773,5,14:06.0,,
5.00E-05,0.237878889,0.082102396,0.00106074,0.154715747,24.50034904,0.006129006,5,14:57.7,,
5.00E-05,0.23061429,0.0806676,0.001068534,0.148878157,24.49418259,0.006125593,5,15:51.3,,
5.00E-05,0.24277994,0.082344539,0.001113726,0.159321681,24.02449799,0.006129939,5,16:43.2,,
5.00E-05,0.245489091,0.086440183,0.001203563,0.157845333,24.84352493,0.006129131,5,17:35.1,,
5.00E-05,0.239881277,0.08821208,0.00109149,0.150577709,23.1163044,0.006120621,5,18:26.8,,
5.00E-05,0.236389786,0.076221235,0.001166625,0.159001932,25.86396027,0.006121552,5,19:18.7,,
5.00E-05,0.234317645,0.080250427,0.001187116,0.152880102,24.99740982,0.006146616,5,20:10.7,,
5.00E-05,0.231691837,0.086297989,0.001175944,0.144217908,23.78292274,0.006125771,5,21:02.7,,
5.00E-05,0.248018026,0.079845406,0.001183543,0.166989073,25.29852104,0.006108955,5,21:54.4,,
5.00E-05,0.245733649,0.080895171,0.001200687,0.163637787,25.1851635,0.006125947,5,22:46.3,,
5.00E-05,0.236032754,0.082894348,0.001197548,0.151940852,24.53151894,0.006144925,5,23:38.2,,
5.00E-05,0.235500932,0.081722237,0.001054447,0.152724251,24.58673477,0.006126294,5,24:30.2,,
5.00E-05,0.239684701,0.081823356,0.001090445,0.1567709,25.04307556,0.006114043,5,25:22.0,,
5.00E-05,0.232205927,0.082715169,0.001133577,0.148357183,24.95779228,0.006099489,5,26:14.0,,
5.00E-05,0.249834687,0.088029936,0.001160911,0.160643846,23.7106514,0.006091444,5,27:05.8,,
5.00E-05,0.240228191,0.082207374,0.00110116,0.156919658,24.95324898,0.00609285,5,27:57.7,,
5.00E-05,0.244352549,0.082763024,0.001183221,0.160406306,24.79200172,0.006117761,5,28:49.5,,
5.00E-05,0.240542814,0.083965562,0.001126071,0.155451179,24.11463165,0.006125663,5,29:41.1,,
5.00E-05,0.248493358,0.078575149,0.001145376,0.168772832,25.51659012,0.006129617,5,30:32.8,,
5.00E-05,0.226862878,0.071957581,0.001152068,0.153753236,26.49132156,0.006123914,5,31:24.7,,
5.00E-05,0.258815914,0.087418377,0.001217024,0.170180514,23.7553978,0.006120921,5,32:16.5,,
5.00E-05,0.234972939,0.077196278,0.001269957,0.156506702,24.73880959,0.00611525,5,33:08.3,,
5.00E-05,0.216793656,0.079450905,0.0012101,0.136132643,24.69201851,0.006116924,5,34:00.0,,
5.00E-05,0.234115541,0.078599997,0.001228707,0.154286847,24.73867798,0.006116428,5,34:51.9,,
5.00E-05,0.234750584,0.085374266,0.0010743,0.148302019,24.26301193,0.006114836,5,35:43.8,,
5.00E-05,0.231204301,0.078227185,0.001130521,0.151846603,25.4489727,0.006109681,5,36:35.8,,
5.00E-05,0.24442558,0.081617624,0.001075891,0.161732063,25.25270462,0.006096512,5,37:27.5,,
5.00E-05,0.245981738,0.079184547,0.001175864,0.165621325,25.0922184,0.006105571,5,38:19.2,,
5.00E-05,0.236028194,0.081022926,0.001146747,0.153858528,24.96167755,0.006115294,5,39:11.0,,
5.00E-05,0.236510277,0.080514982,0.001211287,0.154784009,24.91170883,0.006106165,5,40:02.9,,
5.00E-05,0.235914111,0.089219004,0.001117636,0.145577475,23.58067513,0.006092391,5,40:54.8,,
5.00E-05,0.251840442,0.079774238,0.001215238,0.170850977,25.16160774,0.006079883,5,41:46.8,,
5.00E-05,0.244908944,0.081742637,0.001189102,0.161977202,24.56348801,0.006085606,5,42:38.5,,
5.00E-05,0.24242118,0.07994397,0.001158912,0.161318287,25.02788544,0.006100324,5,43:30.0,,
5.00E-05,0.243266717,0.087617829,0.001159774,0.154489115,22.87018204,0.00609412,5,44:21.6,,
5.00E-05,0.231110781,0.080449007,0.001164297,0.149497479,25.23233032,0.006081376,5,45:13.5,,
5.00E-05,0.234333947,0.081501462,0.001099743,0.151732743,24.49979973,0.006068959,5,46:05.4,,
5.00E-05,0.239321411,0.07977175,0.00110924,0.158440426,24.76084518,0.006078778,5,46:57.3,,
5.00E-05,0.239686444,0.085325517,0.001140078,0.153220847,24.07729721,0.006127057,5,47:51.0,,
5.00E-05,0.241127729,0.075425141,0.00109206,0.16461052,26.2718544,0.006111472,5,48:42.8,,
5.00E-05,0.223828346,0.077842191,0.001152297,0.144833863,25.47279739,0.00611376,5,49:34.5,,
5.00E-05,0.234544009,0.083205052,0.001184213,0.15015474,23.81435013,0.006094018,5,50:26.3,,
5.00E-05,0.223608732,0.079266906,0.001111503,0.143230319,25.26950073,0.006115122,5,51:17.9,,
5.00E-05,0.237685114,0.085006759,0.001104063,0.151574284,23.6170845,0.00613333,5,52:09.9,,
5.00E-05,0.229525685,0.072952792,0.001036295,0.155536592,25.83049583,0.006135141,5,53:01.7,,
5.00E-05,0.242900088,0.085037164,0.001154117,0.156708807,24.50362778,0.006143384,5,53:53.7,,
5.00E-05,0.235817924,0.089386798,0.001190491,0.145240635,23.16370392,0.006146836,5,54:45.5,,
5.00E-05,0.23498711,0.078294463,0.000977742,0.155714899,24.81041908,0.006133722,5,55:37.4,,
5.00E-05,0.228039145,0.083048984,0.001026429,0.143963724,24.0584259,0.006141053,5,56:29.1,,
5.00E-05,0.243965983,0.085845627,0.001185202,0.156935155,25.05679893,0.00615124,5,57:20.6,,
5.00E-05,0.227705091,0.08070416,0.001166121,0.145834818,23.99869919,0.006163909,5,58:12.4,,
5.00E-05,0.229106814,0.083148204,0.001190871,0.144767746,24.35840988,0.006154769,5,59:04.0,,
5.00E-05,0.24289906,0.082582451,0.001160887,0.159155726,24.5135479,0.006160256,5,00:14.2,,
5.00E-05,0.237062529,0.084315069,0.001120246,0.151627213,24.14031792,0.006156354,5,01:06.3,,
5.00E-05,0.239521995,0.083191335,0.001159016,0.155171648,24.40229225,0.00615464,5,01:58.2,,
5.00E-05,0.240819275,0.079274729,0.001233663,0.160310894,25.77004623,0.006163086,5,02:49.8,,
5.00E-05,0.238545999,0.082365915,0.001105982,0.155074105,24.31128311,0.006158982,5,03:41.5,,
5.00E-05,0.232660085,0.078196578,0.001129746,0.153333768,25.66726685,0.006165555,5,04:33.2,,
5.00E-05,0.230817378,0.077079132,0.001160852,0.152577385,24.82866096,0.006155805,5,05:25.0,,
5.00E-05,0.230487734,0.0748882,0.001031778,0.154567748,26.10269737,0.006152542,5,06:17.0,,
5.00E-05,0.229777485,0.07630913,0.001100615,0.152367741,25.44277954,0.006120965,5,07:08.8,,
5.00E-05,0.237130269,0.079962686,0.001164111,0.156003475,25.32395172,0.006116154,5,08:00.6,,
5.00E-05,0.227089643,0.079946809,0.001105592,0.146037251,24.93880081,0.006109969,5,08:52.4,,
5.00E-05,0.232096583,0.081548661,0.001090107,0.149457812,24.75171089,0.006111358,5,09:44.1,,
5.00E-05,0.242797747,0.087956332,0.001097568,0.153743848,23.69158745,0.006104135,5,10:36.1,,
5.00E-05,0.255282789,0.085082509,0.001080846,0.169119433,24.27425194,0.00611065,5,11:27.8,,
5.00E-05,0.250308931,0.09027753,0.001049307,0.158982083,23.15583992,0.006122518,5,12:19.5,,
5.00E-05,0.233284041,0.080297872,0.001065718,0.151920453,25.08810806,0.00611735,5,13:11.5,,
5.00E-05,0.237439707,0.086696126,0.001115496,0.149628088,24.05988884,0.006116676,5,14:03.2,,
5.00E-05,0.23957254,0.075090259,0.001108739,0.163373545,26.28717613,0.006121073,5,14:55.1,,
5.00E-05,0.247056827,0.089489333,0.00116599,0.1564015,24.21868515,0.006117187,5,15:47.1,,
5.00E-05,0.238546252,0.083037622,0.001062003,0.154446617,24.05292892,0.006121671,5,16:39.0,,
5.00E-05,0.238495514,0.079856992,0.001103567,0.157534957,24.59811783,0.006123794,5,17:30.7,,
5.00E-05,0.247261345,0.084652603,0.001204622,0.161404118,23.83610153,0.006109552,5,18:22.3,,
5.00E-05,0.216679543,0.078487247,0.001087762,0.137104541,25.53495789,0.006087904,5,19:14.0,,
5.00E-05,0.242378592,0.079012953,0.00111276,0.162252888,24.98107529,0.006080692,5,20:07.9,,
5.00E-05,0.246819824,0.08118438,0.001150826,0.16448462,23.29929543,0.006074983,5,20:59.7,,
5.00E-05,0.253483593,0.082825899,0.001200734,0.169456974,23.99271202,0.006066283,5,21:51.4,,
5.00E-05,0.237119377,0.0840341,0.001095947,0.151989326,24.49606133,0.006075675,5,22:43.0,,
5.00E-05,0.242484808,0.083663553,0.000996163,0.157825097,25.06354523,0.006075507,5,23:34.7,,
5.00E-05,0.244761139,0.081684001,0.001144036,0.161933094,24.4047451,0.006091264,5,24:26.7,,
5.00E-05,0.235683188,0.079024017,0.00115426,0.155504912,25.85863876,0.006057404,5,25:18.6,,
5.00E-05,0.2328877,0.075620301,0.001072907,0.156194493,25.17497826,0.006052542,5,26:10.4,,
5.00E-05,0.234580979,0.082092181,0.001028938,0.151459858,24.40128136,0.006042178,5,27:02.3,,
5.00E-05,0.239146531,0.079771973,0.001104029,0.158270538,24.66970253,0.006043262,5,27:54.1,,
5.00E-05,0.24365899,0.080049649,0.001029617,0.16257973,24.6047802,0.006046951,5,28:46.0,,
5.00E-05,0.23489961,0.074936271,0.001041939,0.158921406,25.43861771,0.006031827,5,29:37.6,,
5.00E-05,0.243380383,0.084957995,0.001084201,0.157338187,24.13703918,0.006053546,5,30:29.4,,
5.00E-05,0.248012841,0.087982267,0.001216803,0.158813775,23.42267799,0.00602444,5,31:21.3,,
5.00E-05,0.237947911,0.080941483,0.00104823,0.155958205,25.58477402,0.006033409,5,32:13.1,,
5.00E-05,0.237258568,0.085059635,0.001091221,0.151107714,23.95005226,0.006007288,5,33:04.7,,
5.00E-05,0.24259603,0.082979456,0.001168343,0.158448234,24.4515686,0.006020534,5,33:56.5,,
5.00E-05,0.236980096,0.076749951,0.001068297,0.159161851,25.66291618,0.00602477,5,34:48.4,,
,,,,,,,5,35:28.5,0.826849103,15.94956207
5.00E-05,0.237633437,0.08420489,0.001047596,0.152380943,23.98273468,0.00603867,5,36:19.6,,
5.00E-05,0.240563005,0.079330347,0.001050489,0.160182178,25.32541466,0.00601429,5,37:11.6,,
5.00E-05,0.254738271,0.085247926,0.001013242,0.168477088,23.40725327,0.006019044,5,38:03.6,,
5.00E-05,0.230081797,0.080986358,0.001114399,0.147981048,25.00259209,0.006014652,5,38:55.4,,
5.00E-05,0.234729141,0.076394461,0.001099344,0.157235339,26.18692589,0.006009849,5,39:47.1,,
5.00E-05,0.223954082,0.078685351,0.001160519,0.144108221,25.39079475,0.006020586,5,40:38.6,,
5.00E-05,0.242062986,0.079636425,0.001138151,0.16128841,24.60598373,0.00603578,5,41:30.6,,
5.00E-05,0.230463058,0.084535845,0.00102965,0.144897565,23.9957695,0.006030239,5,42:22.5,,
5.00E-05,0.24252522,0.087322444,0.00108599,0.154116794,23.60103607,0.006012145,5,43:14.4,,
5.00E-05,0.226747736,0.077803954,0.0010498,0.14789398,25.32985878,0.006008778,5,44:06.2,,
5.00E-05,0.236173213,0.081298493,0.001083597,0.153791115,24.00894165,0.00602019,5,44:58.3,,
5.00E-05,0.231455073,0.079851404,0.001160951,0.150442719,25.06298256,0.006015305,5,45:50.1,,
5.00E-05,0.238076493,0.083415277,0.001037698,0.153623521,23.75090408,0.005996087,5,46:42.1,,
5.00E-05,0.242103994,0.08246246,0.001199975,0.158441558,24.56940079,0.006019414,5,47:34.1,,
5.00E-05,0.229573622,0.080987297,0.001014788,0.147571534,24.98270035,0.005998976,5,48:26.0,,
5.00E-05,0.234030604,0.076768003,0.00109488,0.156167716,26.00186157,0.005997646,5,49:17.9,,
5.00E-05,0.234794527,0.078247741,0.001189389,0.155357391,25.47850418,0.006014939,5,50:09.8,,
5.00E-05,0.24328348,0.08358907,0.001059037,0.158635378,23.48459244,0.006033305,5,51:01.7,,
5.00E-05,0.238064468,0.080641225,0.001045934,0.156377301,24.2498188,0.006031185,5,51:55.5,,
5.00E-05,0.246503532,0.07920929,0.001220225,0.166074008,24.51935959,0.006019931,5,52:47.3,,
5.00E-05,0.239057809,0.081941098,0.001106437,0.156010285,25.04094887,0.00602844,5,53:39.0,,
5.00E-05,0.24232626,0.081144899,0.001169284,0.160012066,25.07882309,0.006027011,5,54:30.7,,
5.00E-05,0.249297291,0.085434496,0.001078216,0.162784576,23.4311676,0.006015707,5,55:22.6,,
5.00E-05,0.238349557,0.077099077,0.001097888,0.160152599,26.30944252,0.006021874,5,56:14.5,,
5.00E-05,0.243000597,0.084091626,0.00111641,0.157792553,24.51745033,0.00601483,5,57:06.2,,
5.00E-05,0.249021843,0.081118606,0.001085007,0.166818231,24.95772362,0.005996082,5,57:57.8,,
5.00E-05,0.235432267,0.079162262,0.001088227,0.15518178,24.83035088,0.006016577,5,58:49.8,,
5.00E-05,0.23638989,0.084434025,0.00105808,0.150897786,24.02929688,0.006024385,5,59:41.8,,
5.00E-05,0.227585733,0.082726277,0.001129759,0.143729687,24.96012115,0.006009027,5,00:33.6,,
5.00E-05,0.237291962,0.077821635,0.001019001,0.158451334,24.28307533,0.005989383,5,01:25.5,,
5.00E-05,0.243436128,0.081773028,0.001087129,0.160575971,23.84968758,0.005992752,5,02:17.3,,
5.00E-05,0.234684139,0.075718664,0.001098885,0.157866597,25.79276085,0.005985314,5,03:09.2,,
5.00E-05,0.237473279,0.081709214,0.001076742,0.15468733,25.16078186,0.005968694,5,04:01.0,,
5.00E-05,0.237865224,0.08696574,0.001083684,0.149815798,23.76176071,0.005962029,5,04:52.8,,
5.00E-05,0.234694228,0.081125356,0.001109101,0.15245977,24.94724083,0.005957408,5,05:44.7,,
5.00E-05,0.242721245,0.084004417,0.001131641,0.157585189,24.66905785,0.005966952,5,06:36.5,,
5.00E-05,0.232200116,0.081756622,0.001133341,0.149310142,24.33395767,0.005976839,5,07:28.4,,
5.00E-05,0.235934332,0.08038754,0.001043568,0.154503226,24.9657402,0.005973699,5,08:20.0,,
5.00E-05,0.235953361,0.080597468,0.001076387,0.1542795,24.79848671,0.005957081,5,09:11.7,,
5.00E-05,0.245662868,0.08168897,0.001043837,0.162930071,25.30339813,0.005963749,5,10:03.4,,
5.00E-05,0.228381246,0.074088484,0.001027602,0.153265163,26.09529114,0.005961071,5,10:55.4,,
5.00E-05,0.241694212,0.078939229,0.001107967,0.161647007,24.65280151,0.005952711,5,11:47.2,,
5.00E-05,0.228125975,0.083201632,0.001100403,0.143823937,23.97013474,0.005952524,5,12:39.0,,
5.00E-05,0.235589311,0.075251028,0.001061407,0.159276873,25.17606544,0.005951357,5,13:30.9,,
5.00E-05,0.22706157,0.081210986,0.001084029,0.144766554,24.21085167,0.005950538,5,14:22.7,,
5.00E-05,0.227456748,0.080175668,0.00116112,0.146119952,24.67471313,0.005944109,5,15:14.5,,
5.00E-05,0.238003701,0.082144707,0.001088266,0.154770717,24.5896492,0.005942586,5,16:06.5,,
5.00E-05,0.239512786,0.080562405,0.001170466,0.157779917,24.67668533,0.005944757,5,16:58.3,,
5.00E-05,0.228278652,0.076601312,0.001166567,0.150510773,25.59589386,0.00594573,5,17:50.0,,
5.00E-05,0.241621688,0.083635397,0.001105361,0.15688093,23.96251297,0.005946473,5,18:41.6,,
5.00E-05,0.23950085,0.079775788,0.001081047,0.158644006,25.33586502,0.005965478,5,19:33.5,,
5.00E-05,0.231878519,0.084050663,0.001148587,0.146679267,24.49567032,0.005970145,5,20:25.4,,
5.00E-05,0.224195033,0.076234616,0.001056642,0.146903783,25.76239586,0.005961187,5,21:17.3,,
5.00E-05,0.224819526,0.072988227,0.001071321,0.15075998,26.10511971,0.005961207,5,22:09.1,,
5.00E-05,0.231484413,0.080208957,0.001075553,0.150199905,24.5723629,0.005947474,5,23:00.9,,
5.00E-05,0.220461875,0.073898636,0.001167678,0.145395562,26.3300705,0.005961576,5,23:54.5,,
5.00E-05,0.232617825,0.088753521,0.00109663,0.142767683,23.62595558,0.005947862,5,24:46.4,,
5.00E-05,0.23432076,0.082682118,0.001132623,0.15050602,24.34648323,0.005947105,5,25:38.4,,
5.00E-05,0.231435299,0.080512196,0.00109156,0.149831533,24.32234001,0.005929817,5,26:30.2,,
5.00E-05,0.24764809,0.081603244,0.00110618,0.164938658,24.39582443,0.005940351,5,27:40.4,,
5.00E-05,0.219837189,0.082699426,0.001309351,0.135828421,24.82556534,0.005980408,5,28:32.2,,
5.00E-05,0.238145828,0.075611331,0.001140625,0.161393866,25.94002151,0.006012318,5,29:24.3,,
5.00E-05,0.237913221,0.077622443,0.001227494,0.15906328,24.98638535,0.006028284,5,30:16.1,,
5.00E-05,0.237219125,0.085328497,0.001243034,0.150647596,23.84931755,0.006041464,5,31:07.8,,
5.00E-05,0.236333728,0.08444424,0.001236791,0.150652692,24.47388458,0.006056772,5,31:59.6,,
5.00E-05,0.248187125,0.087464035,0.001258178,0.159464911,23.81386948,0.00607039,5,32:51.3,,
5.00E-05,0.239360705,0.080430612,0.001224669,0.157705426,25.05329514,0.006090462,5,33:43.1,,
5.00E-05,0.227537721,0.080396175,0.0013459,0.145795643,25.30356979,0.006088499,5,34:35.0,,
5.00E-05,0.259501636,0.084953003,0.001180342,0.17336829,24.84094429,0.006094578,5,35:26.9,,
5.00E-05,0.223879218,0.07370311,0.001239126,0.148936987,26.24409103,0.006108087,5,36:18.6,,
5.00E-05,0.226730853,0.077520959,0.00120208,0.14800781,24.89645386,0.006092806,5,37:10.3,,
5.00E-05,0.242188096,0.07904572,0.001167526,0.161974847,24.94307518,0.006093681,5,38:02.1,,
5.00E-05,0.232832909,0.077879369,0.001255349,0.153698191,25.33803177,0.00609086,5,38:54.1,,
5.00E-05,0.24112007,0.084789641,0.001268815,0.155061617,24.67867851,0.00608307,5,39:46.0,,
5.00E-05,0.242543459,0.080844216,0.001100895,0.160598353,24.48032379,0.006109648,5,40:37.8,,
5.00E-05,0.253066599,0.091363989,0.001248888,0.160453737,23.15401459,0.006111609,5,41:29.6,,
5.00E-05,0.232481927,0.079502828,0.001227915,0.151751176,24.73080635,0.006125236,5,42:21.6,,
5.00E-05,0.240570813,0.084224045,0.001160549,0.155186221,24.53178406,0.006108619,5,43:13.3,,
5.00E-05,0.241044283,0.074462503,0.001229724,0.165352061,25.68098068,0.006105687,5,44:05.0,,
5.00E-05,0.230319709,0.074111015,0.001079518,0.155129179,24.62568283,0.006100865,5,44:56.5,,
5.00E-05,0.231370598,0.081941068,0.001100275,0.148329258,24.51423836,0.00608991,5,45:48.5,,
5.00E-05,0.248703063,0.081438586,0.001186365,0.166078106,25.32503891,0.006076573,5,46:40.1,,
5.00E-05,0.239347458,0.078102313,0.001231517,0.160013631,25.05590439,0.006084993,5,47:31.9,,
5.00E-05,0.245820552,0.081716917,0.001275443,0.162828192,24.87931252,0.00610163,5,48:23.8,,
5.00E-05,0.242978096,0.082180917,0.001169171,0.159628019,24.83222961,0.006111717,5,49:15.7,,
5.00E-05,0.242448241,0.078887127,0.001239341,0.162321776,25.37116814,0.006124591,5,50:07.2,,
5.00E-05,0.234466031,0.082777858,0.001265629,0.150422543,24.38361359,0.006115075,5,50:59.1,,
5.00E-05,0.244835928,0.086982392,0.001207356,0.156646177,23.82107544,0.006099091,5,51:50.8,,
5.00E-05,0.232350245,0.077136636,0.001219018,0.15399459,24.66668129,0.006105291,5,52:42.6,,
5.00E-05,0.222986788,0.074686505,0.001138326,0.147161946,25.67852402,0.006101036,5,53:34.3,,
5.00E-05,0.24603653,0.083878882,0.001189068,0.160968587,24.42337418,0.00610291,5,54:26.1,,
5.00E-05,0.239137903,0.081447922,0.001140226,0.156549752,24.93587303,0.006101895,5,55:17.8,,
5.00E-05,0.237851039,0.080781691,0.001367991,0.155701354,24.98567581,0.00610468,5,56:11.7,,
5.00E-05,0.247816443,0.081840791,0.001244881,0.164730772,25.01723862,0.006122848,5,57:03.4,,
5.00E-05,0.241984963,0.083904564,0.001250367,0.156830028,24.38401985,0.006125994,5,57:55.2,,
5.00E-05,0.24490279,0.080222905,0.001298075,0.1633818,25.57549667,0.006088273,5,58:47.0,,
5.00E-05,0.23246938,0.078285336,0.001220666,0.152963385,25.4484787,0.006085798,5,59:38.6,,
5.00E-05,0.235075668,0.083035648,0.001195475,0.150844544,24.34739304,0.006099919,5,00:30.4,,
5.00E-05,0.2218353,0.080613561,0.001117967,0.140103772,24.45515823,0.006072031,5,01:22.2,,
5.00E-05,0.238055497,0.084691659,0.001182378,0.152181461,23.56760788,0.006071887,5,02:14.0,,
5.00E-05,0.23899433,0.081881717,0.001155278,0.155957326,25.04757881,0.00606271,5,03:05.8,,
5.00E-05,0.240584254,0.080277383,0.001181925,0.159124956,25.10147476,0.006062117,5,03:57.7,,
5.00E-05,0.249964908,0.088613294,0.001230651,0.160120964,23.66754723,0.006076652,5,04:49.4,,
5.00E-05,0.2391316,0.080965005,0.001147761,0.157018825,24.40078926,0.006077448,5,05:41.0,,
5.00E-05,0.245279312,0.086875796,0.001236654,0.157166868,23.92098236,0.006092094,5,06:32.9,,
5.00E-05,0.249560878,0.084780537,0.001283699,0.163496643,23.97986221,0.006074117,5,07:24.6,,
5.00E-05,0.249758184,0.084715545,0.001172742,0.163869888,23.78162575,0.00606225,5,08:16.6,,
5.00E-05,0.239609092,0.079429261,0.001131434,0.159048393,25.18734169,0.006056393,5,09:08.5,,
5.00E-05,0.23538664,0.082223199,0.001119817,0.152043626,24.66221046,0.006059522,5,10:00.4,,
5.00E-05,0.233606189,0.083732396,0.001148257,0.148725539,23.97836876,0.006067386,5,10:52.2,,
5.00E-05,0.248330563,0.076059401,0.001179019,0.171092138,25.88730049,0.006065208,5,11:44.1,,
5.00E-05,0.227642119,0.076544918,0.001123773,0.149973437,25.31261444,0.006079326,5,12:36.0,,
5.00E-05,0.242792696,0.08067742,0.001196688,0.160918593,25.19596863,0.006081341,5,13:27.9,,
5.00E-05,0.250311285,0.081483081,0.001345912,0.167482287,24.82527161,0.006097782,5,14:19.7,,
5.00E-05,0.242680818,0.077113472,0.001154964,0.164412379,25.04337311,0.006108174,5,15:11.5,,
5.00E-05,0.245514259,0.082296766,0.00121931,0.161998183,24.47371483,0.006123134,5,16:03.3,,
5.00E-05,0.231089324,0.073382325,0.001202441,0.156504557,26.50478745,0.006114314,5,16:55.2,,
5.00E-05,0.240964592,0.074939854,0.00111706,0.164907679,25.51111412,0.006122646,5,17:47.0,,
5.00E-05,0.236443564,0.080798678,0.001285919,0.154358968,24.49119186,0.006112399,5,18:38.7,,
5.00E-05,0.230011016,0.080304742,0.001191473,0.148514792,24.45895004,0.006108442,5,19:30.5,,
5.00E-05,0.233310223,0.080227032,0.001138887,0.151944295,24.99166107,0.006117277,5,20:22.6,,
5.00E-05,0.237611085,0.082497932,0.001158117,0.153955027,23.67335892,0.006104179,5,21:14.4,,
5.00E-05,0.253402203,0.086491324,0.001178967,0.165731907,23.51722527,0.006115364,5,22:06.2,,
5.00E-05,0.227445453,0.078555919,0.001109973,0.147779554,25.82186127,0.006120401,5,22:57.9,,
5.00E-05,0.216137737,0.077267721,0.001222736,0.137647286,25.38481903,0.006121187,5,23:49.5,,
5.00E-05,0.228017777,0.079775751,0.001176679,0.147065356,25.11993027,0.006116257,5,24:41.1,,
5.00E-05,0.231781274,0.081146322,0.00123791,0.149397045,24.90403748,0.00610728,5,25:33.1,,
5.00E-05,0.23792541,0.081265897,0.001213631,0.155445889,24.39013481,0.006118619,5,26:24.8,,
5.00E-05,0.224484652,0.074816272,0.001178851,0.148489535,26.13523293,0.006099623,5,27:16.4,,
5.00E-05,0.228353947,0.085931391,0.001137975,0.141284585,23.72952271,0.006089771,5,28:10.1,,
5.00E-05,0.232445821,0.079675995,0.001209866,0.151559964,24.65503693,0.006088845,5,29:01.8,,
5.00E-05,0.237716898,0.082384892,0.001180879,0.154151127,23.93214798,0.006082249,5,29:53.5,,
5.00E-05,0.249444976,0.087560982,0.001162755,0.160721242,23.59630585,0.006079042,5,30:45.3,,
5.00E-05,0.243816078,0.079663865,0.001205076,0.162947133,25.08187103,0.006073305,5,31:37.0,,
5.00E-05,0.24322924,0.084943704,0.001132339,0.157153189,23.74100685,0.006080112,5,32:28.8,,
5.00E-05,0.234512866,0.085338734,0.001201972,0.147972152,23.70489883,0.006088421,5,33:20.5,,
5.00E-05,0.236997202,0.075408749,0.001184057,0.160404399,25.56606483,0.006116813,5,34:12.2,,
5.00E-05,0.234049797,0.076510742,0.001075322,0.156463727,25.56637001,0.006099436,5,35:03.9,,
5.00E-05,0.233051389,0.078033976,0.001180724,0.153836682,25.00164795,0.006097785,5,35:55.7,,
5.00E-05,0.24082455,0.083614171,0.001173401,0.156036973,23.76838684,0.006086966,5,36:47.2,,
5.00E-05,0.252571672,0.086829692,0.001184349,0.164557636,24.10002136,0.006087622,5,37:39.0,,
5.00E-05,0.241447181,0.079334535,0.001229314,0.160883337,25.04758453,0.006075252,5,38:30.9,,
5.00E-05,0.233842134,0.080998726,0.001196929,0.15164648,24.83794403,0.00607138,5,39:22.7,,
5.00E-05,0.23202996,0.078673504,0.001196604,0.152159855,24.96937943,0.006070897,5,40:14.4,,
5.00E-05,0.236534625,0.083372913,0.001055378,0.152106345,24.66803741,0.006077341,5,41:06.2,,
5.00E-05,0.242028743,0.083513722,0.001181627,0.157333389,23.76693535,0.006070456,5,41:58.1,,
5.00E-05,0.239366785,0.082131371,0.001170768,0.156064644,24.39495468,0.006064928,5,42:50.0,,
5.00E-05,0.237806097,0.078200914,0.001191252,0.158413932,24.84392548,0.006091011,5,43:41.7,,
5.00E-05,0.225837618,0.076075807,0.00123472,0.148527101,26.10970497,0.006081185,5,44:33.3,,
5.00E-05,0.240993977,0.086254172,0.001155418,0.153584391,23.75827789,0.00607319,5,45:25.0,,
5.00E-05,0.235486776,0.086078115,0.001277415,0.148131236,23.72555733,0.00608955,5,46:16.9,,
5.00E-05,0.220652968,0.077355072,0.001249802,0.142048091,25.15552711,0.006083879,5,47:08.7,,
5.00E-05,0.231610268,0.078661762,0.001217342,0.151731163,24.94229889,0.006106415,5,48:00.6,,
5.00E-05,0.235790327,0.076145805,0.001177511,0.15846701,25.46759605,0.006099617,5,48:52.5,,
5.00E-05,0.234406263,0.080387719,0.001279575,0.152738959,24.74079323,0.006105506,5,49:44.2,,
5.00E-05,0.227558792,0.079555817,0.001250552,0.146752432,24.14793205,0.006107318,5,50:36.0,,
5.00E-05,0.229946524,0.070223287,0.001248542,0.158474699,25.44444656,0.006089255,5,51:27.8,,
5.00E-05,0.227165788,0.081423618,0.001190395,0.144551769,24.46935844,0.006085637,5,52:19.5,,
5.00E-05,0.238234952,0.081925057,0.001323243,0.15498665,25.15296173,0.006094218,5,53:11.3,,
5.00E-05,0.249130741,0.083414912,0.00123973,0.164476097,24.07249069,0.00608169,5,54:21.4,,
5.00E-05,0.235553801,0.081395254,0.001250755,0.152907789,24.2095356,0.006087887,5,55:13.5,,
5.00E-05,0.228370443,0.08095789,0.001231701,0.146180853,25.1588707,0.006092751,5,56:05.4,,
5.00E-05,0.230128005,0.078529149,0.001285312,0.150313541,24.93922997,0.006065549,5,56:57.3,,
5.00E-05,0.233332336,0.078823619,0.001257197,0.153251514,24.33358192,0.006068454,5,57:49.0,,
5.00E-05,0.254555583,0.087538734,0.001197378,0.165819481,23.88235092,0.006049037,5,58:40.8,,
5.00E-05,0.248799831,0.085950688,0.00131699,0.161532149,24.00421333,0.006036315,5,59:32.7,,
5.00E-05,0.236353189,0.080872662,0.001257216,0.154223308,24.9473362,0.006048909,5,00:26.4,,
5.00E-05,0.254351944,0.08656729,0.001305436,0.166479215,24.25550079,0.006039877,5,01:18.3,,
5.00E-05,0.238414675,0.08517722,0.001196496,0.152040958,23.52215576,0.006033483,5,02:10.3,,
5.00E-05,0.247512922,0.084911667,0.001206508,0.161394745,23.679039,0.006029969,5,03:02.2,,
5.00E-05,0.235382989,0.08142361,0.001120373,0.152839005,24.828722,0.006021235,5,03:54.1,,
5.00E-05,0.237444103,0.07865309,0.001254157,0.157536849,25.16514206,0.006023193,5,04:46.0,,
5.00E-05,0.241912439,0.084559903,0.001178551,0.156173989,24.47167206,0.006007789,5,05:38.0,,
5.00E-05,0.231179893,0.08378806,0.001257199,0.146134645,24.71781921,0.006002776,5,06:30.0,,
5.00E-05,0.244213313,0.082811281,0.001086641,0.16031538,24.06692123,0.005986131,5,07:22.0,,
5.00E-05,0.245717496,0.078142233,0.001209246,0.166366026,24.65781975,0.006007357,5,08:13.7,,
5.00E-05,0.242558047,0.080187455,0.001235678,0.161134914,25.21446609,0.006007778,5,09:05.6,,
5.00E-05,0.24028042,0.082719848,0.001188284,0.156372294,24.41451073,0.006016846,5,09:57.4,,
5.00E-05,0.236890286,0.085593536,0.001212921,0.150083825,24.6452179,0.005989486,5,10:49.3,,
5.00E-05,0.23368223,0.077231929,0.00114049,0.155309811,25.45282364,0.006007388,5,11:41.4,,
5.00E-05,0.258790195,0.085405134,0.001199399,0.172185645,24.22912788,0.005988346,5,12:33.3,,
5.00E-05,0.238645345,0.081630021,0.001246436,0.155768886,24.54921913,0.005980123,5,13:25.2,,
5.00E-05,0.239608586,0.074875377,0.001102489,0.163630724,25.97725677,0.005982618,5,14:17.1,,
5.00E-05,0.243145823,0.086380914,0.001180241,0.155584678,23.80609131,0.005977514,5,15:09.1,,
5.00E-05,0.256112009,0.081948087,0.001140644,0.173023269,24.72844887,0.005968104,5,16:01.0,,
5.00E-05,0.224719688,0.074184321,0.001189927,0.149345443,26.39621925,0.005991546,5,16:53.1,,
5.00E-05,0.236241832,0.079610325,0.00119483,0.15543668,24.39328384,0.005981314,5,17:45.1,,
5.00E-05,0.234475151,0.076916367,0.001159338,0.156399444,25.26922417,0.005972821,5,18:37.1,,
5.00E-05,0.232197583,0.079806387,0.001149214,0.151241988,24.82462692,0.005986117,5,19:29.2,,
5.00E-05,0.239981994,0.082807094,0.001279505,0.155895397,23.90899849,0.005967251,5,20:21.1,,
5.00E-05,0.239421278,0.085645057,0.001112251,0.152663976,23.54601288,0.005958374,5,21:13.1,,
5.00E-05,0.234761864,0.080149457,0.00119992,0.153412491,24.68030548,0.005963646,5,22:05.0,,
5.00E-05,0.232068598,0.079979263,0.001254024,0.15083532,24.88640976,0.00597156,5,22:57.1,,
5.00E-05,0.237550676,0.077454232,0.001226898,0.15886955,25.37049484,0.005972357,5,23:49.1,,
5.00E-05,0.242981017,0.083120249,0.001183918,0.158676848,23.89348793,0.005958633,5,24:41.2,,
5.00E-05,0.237498268,0.077500947,0.001074772,0.158922553,25.41302109,0.005954259,5,25:33.2,,
5.00E-05,0.244175747,0.078394212,0.001195927,0.164585605,24.92802048,0.00595176,5,26:25.3,,
5.00E-05,0.244393945,0.080954403,0.001175647,0.1622639,24.80903625,0.005952694,5,27:17.2,,
5.00E-05,0.237127513,0.080604464,0.001136706,0.155386344,24.87872887,0.005917985,5,28:09.2,,
5.00E-05,0.237592116,0.086213648,0.001187203,0.150191262,23.93010712,0.005910821,5,29:01.0,,
,,,,,,,5,29:41.2,0.827460468,15.96962738
5.00E-05,0.234685317,0.082302384,0.001171834,0.151211098,23.61964035,0.00590613,5,30:32.2,,
5.00E-05,0.226288319,0.072780915,0.001055365,0.152452037,26.21516418,0.005909142,5,31:24.3,,
5.00E-05,0.245922178,0.085186206,0.001199615,0.159536347,23.96522331,0.005895613,5,32:16.4,,
5.00E-05,0.235750765,0.08152014,0.001234634,0.152995989,24.68002701,0.00590497,5,33:10.2,,
5.00E-05,0.236376971,0.080561891,0.001097686,0.154717386,24.7688446,0.005915203,5,34:02.3,,
5.00E-05,0.236826152,0.077663146,0.001031827,0.158131182,25.59812164,0.005912053,5,34:53.9,,
5.00E-05,0.235662222,0.081459738,0.001105756,0.153096735,23.9378891,0.005916281,5,35:45.6,,
5.00E-05,0.241681233,0.085140325,0.001163,0.15537791,24.25844574,0.005900095,5,36:37.4,,
5.00E-05,0.227901161,0.07879249,0.001180016,0.147928655,25.70975113,0.005898504,5,37:29.5,,
5.00E-05,0.220227003,0.085022889,0.001146605,0.134057507,23.2532959,0.005885304,5,38:21.3,,
5.00E-05,0.239615545,0.083127096,0.001051112,0.155437335,23.84928894,0.005888336,5,39:13.1,,
5.00E-05,0.240976453,0.083543949,0.001323337,0.156109169,24.81697083,0.005880221,5,40:05.0,,
5.00E-05,0.234069884,0.081329636,0.001181967,0.15155828,24.40784073,0.005897423,5,40:57.0,,
5.00E-05,0.253422439,0.081547394,0.001127777,0.17074725,25.28841209,0.005910974,5,41:49.0,,
5.00E-05,0.234193951,0.081458315,0.001166801,0.15156883,24.72192955,0.005896288,5,42:40.9,,
5.00E-05,0.232558221,0.080564395,0.001195691,0.150798142,24.72224045,0.005900349,5,43:32.8,,
5.00E-05,0.247896016,0.077435315,0.001208327,0.169252381,24.97312546,0.005898278,5,44:24.8,,
5.00E-05,0.236786485,0.082613103,0.001197417,0.152975962,24.37446213,0.005913877,5,45:16.7,,
5.00E-05,0.226510704,0.073941909,0.001081705,0.151487082,25.23648262,0.005912031,5,46:08.7,,
5.00E-05,0.244062185,0.080238,0.001130392,0.162693784,24.91526031,0.005913479,5,47:00.6,,
5.00E-05,0.247972146,0.087909371,0.00112933,0.158933446,24.18538857,0.00589559,5,47:52.5,,
5.00E-05,0.234998986,0.079891078,0.001104661,0.154003248,24.21150208,0.005909725,5,48:44.5,,
5.00E-05,0.244825631,0.08158356,0.001170108,0.162071958,25.19639587,0.005922572,5,49:36.4,,
5.00E-05,0.24686721,0.089320756,0.001173365,0.156373084,23.46227646,0.005930971,5,50:28.3,,
5.00E-05,0.242651135,0.082591854,0.001147164,0.158912107,24.45708275,0.005942624,5,51:20.1,,
5.00E-05,0.244726777,0.08121793,0.001087986,0.162420869,24.38022995,0.005923263,5,52:12.1,,
5.00E-05,0.232945055,0.076501742,0.001079535,0.155363783,25.52289963,0.005911752,5,53:04.1,,
5.00E-05,0.231863335,0.077577941,0.001220815,0.153064579,25.39293289,0.005915688,5,53:56.0,,
5.00E-05,0.235312566,0.079024822,0.0011131,0.155174643,25.48687172,0.005918038,5,54:48.0,,
5.00E-05,0.23557052,0.079386145,0.001134539,0.155049846,24.70417213,0.005921657,5,55:39.7,,
5.00E-05,0.248952776,0.086199515,0.001177003,0.161576256,23.84137726,0.005910917,5,56:31.9,,
5.00E-05,0.242970988,0.079575263,0.001072847,0.162322879,24.04897499,0.005913849,5,57:23.8,,
5.00E-05,0.232290089,0.079974182,0.001211427,0.15110448,24.41394806,0.005917714,5,58:15.6,,
5.00E-05,0.227757335,0.075817175,0.001234733,0.150705427,25.24045563,0.005906944,5,59:07.4,,
5.00E-05,0.24703227,0.08545956,0.001163271,0.160409436,23.84976387,0.005920578,5,59:59.2,,
5.00E-05,0.237355739,0.084379368,0.00112332,0.15185304,23.72050285,0.005917959,5,00:51.1,,
5.00E-05,0.236987382,0.080474995,0.001103275,0.155409113,24.78623962,0.005916644,5,01:43.2,,
5.00E-05,0.232917339,0.081827074,0.001210539,0.149879724,24.65676498,0.005917959,5,02:34.9,,
5.00E-05,0.223715961,0.082517505,0.001159747,0.140038699,25.31880569,0.005917818,5,03:26.6,,
5.00E-05,0.24659425,0.088233434,0.001210038,0.157150775,24.30906296,0.005908373,5,04:18.6,,
5.00E-05,0.23743999,0.084038883,0.00115668,0.152244434,24.35884476,0.005898301,5,05:12.6,,
5.00E-05,0.233776107,0.080593012,0.001127978,0.152055115,24.43648911,0.005893215,5,06:04.5,,
5.00E-05,0.232468903,0.08287812,0.001151789,0.148439005,24.4807663,0.005882583,5,06:56.2,,
5.00E-05,0.243200049,0.086078785,0.001205812,0.155915454,24.1005497,0.005877842,5,07:47.8,,
5.00E-05,0.244134784,0.084558934,0.001054925,0.158520922,23.91471481,0.005884488,5,08:39.4,,
5.00E-05,0.232717693,0.078843832,0.001026115,0.152847737,24.75392914,0.005879694,5,09:31.2,,
5.00E-05,0.239861459,0.082438633,0.001181732,0.156241089,24.3507309,0.005887583,5,10:23.2,,
5.00E-05,0.247519627,0.085327774,0.001209152,0.160982698,23.84326172,0.005888272,5,11:15.1,,
5.00E-05,0.237735927,0.078852281,0.001117314,0.157766327,24.93403244,0.005878663,5,12:06.9,,
5.00E-05,0.244691625,0.085210204,0.001123322,0.158358097,23.55253029,0.005873872,5,12:58.5,,
5.00E-05,0.238540471,0.081570372,0.001037268,0.155932829,24.58363724,0.005874171,5,13:50.2,,
5.00E-05,0.244730905,0.084343664,0.001082589,0.159304649,24.70645142,0.005887867,5,14:42.3,,
5.00E-05,0.236915559,0.086179934,0.001089964,0.149645671,23.0273056,0.0058756,5,15:34.1,,
5.00E-05,0.240153223,0.085120291,0.001128202,0.153904721,24.55265045,0.005874213,5,16:25.9,,
5.00E-05,0.226250306,0.074632637,0.001214737,0.150402933,26.33218956,0.00587758,5,17:17.8,,
5.00E-05,0.233731329,0.077866726,0.001140566,0.154724047,25.41755295,0.005868538,5,18:09.6,,
5.00E-05,0.229802489,0.07802327,0.001200489,0.150578722,25.64418793,0.005848369,5,19:01.3,,
5.00E-05,0.227814198,0.079397239,0.001122446,0.147294506,24.56542015,0.005856339,5,19:53.0,,
5.00E-05,0.249197721,0.08482372,0.001154496,0.163219497,24.41812515,0.005854812,5,20:45.0,,
5.00E-05,0.236541599,0.083758645,0.001168878,0.151614085,24.71575928,0.005853712,5,21:55.4,,
5.00E-05,0.233539999,0.085741334,0.001171794,0.14662686,24.15715027,0.005860043,5,22:47.3,,
5.00E-05,0.241651356,0.085998766,0.001267309,0.154385284,23.54148102,0.005858973,5,23:39.2,,
5.00E-05,0.233990476,0.082805894,0.001049886,0.150134698,24.87969398,0.005857464,5,24:30.8,,
5.00E-05,0.240790963,0.080379419,0.001200505,0.15921104,24.42229271,0.0058924,5,25:22.3,,
5.00E-05,0.227319196,0.077154398,0.001184315,0.148980483,25.16399384,0.005904838,5,26:14.0,,
5.00E-05,0.232580438,0.082080066,0.001079021,0.149421349,24.62412262,0.005898451,5,27:05.8,,
5.00E-05,0.240301117,0.081133269,0.001158963,0.158008888,24.16769981,0.005912724,5,27:57.8,,
5.00E-05,0.243567854,0.08456181,0.001152044,0.157853991,23.70597458,0.00592462,5,28:49.8,,
5.00E-05,0.236390263,0.081436664,0.001143541,0.153810069,24.76449776,0.005935164,5,29:41.7,,
5.00E-05,0.25927335,0.08735843,0.001130579,0.170784324,24.08453178,0.005931248,5,30:33.3,,
5.00E-05,0.236201435,0.07945203,0.001083001,0.155666396,24.18075562,0.005944669,5,31:25.1,,
5.00E-05,0.243892163,0.08287058,0.001264418,0.159757167,24.00626373,0.0059326,5,32:17.1,,
5.00E-05,0.238855034,0.082235433,0.001073816,0.155545786,24.60739899,0.005924273,5,33:09.1,,
5.00E-05,0.248036578,0.085294873,0.00114618,0.161595523,23.61713219,0.005898039,5,34:00.9,,
5.00E-05,0.236062601,0.081803694,0.001174703,0.153084204,24.11003113,0.005911402,5,34:52.9,,
5.00E-05,0.248983413,0.086477548,0.001190637,0.161315218,23.82723999,0.005908229,5,35:44.5,,
5.00E-05,0.240228176,0.080544926,0.001151502,0.158531755,24.61107063,0.005917524,5,36:36.2,,
5.00E-05,0.237923548,0.085500188,0.001171981,0.151251376,24.18876648,0.005943643,5,37:30.0,,
5.00E-05,0.244209617,0.086416706,0.001215142,0.156577766,24.34146118,0.005937389,5,38:21.8,,
5.00E-05,0.252769858,0.084470615,0.001172496,0.167126745,24.14771843,0.005949269,5,39:13.4,,
5.00E-05,0.229695231,0.079329506,0.00112546,0.14924027,24.94693756,0.005939753,5,40:05.7,,
5.00E-05,0.225104138,0.080394939,0.001107438,0.14360176,24.77641106,0.005921118,5,40:57.5,,
5.00E-05,0.240475833,0.080284707,0.001214521,0.1589766,24.45026207,0.005904875,5,41:49.3,,
5.00E-05,0.23755461,0.082974955,0.001199328,0.153380334,24.69229889,0.005909062,5,42:41.0,,
5.00E-05,0.237800479,0.081995323,0.001024173,0.154780984,24.20052528,0.005911638,5,43:32.9,,
5.00E-05,0.233668089,0.081575416,0.001129841,0.15096283,24.65883255,0.005913948,5,44:24.7,,
5.00E-05,0.229803696,0.079796419,0.001200679,0.148806602,25.31144333,0.005901317,5,45:16.4,,
5.00E-05,0.24783887,0.084630735,0.001189955,0.16201818,23.68185043,0.00590392,5,46:08.0,,
5.00E-05,0.245734662,0.078737542,0.001229087,0.165768042,25.62159729,0.005894677,5,46:59.9,,
5.00E-05,0.234886199,0.08478675,0.001110791,0.148988649,23.56942368,0.005888134,5,47:51.7,,
5.00E-05,0.229147673,0.07647229,0.001073085,0.151602298,25.28863525,0.005871284,5,48:43.8,,
5.00E-05,0.239873558,0.08137136,0.001096669,0.157405525,24.67697906,0.005876298,5,49:35.7,,
5.00E-05,0.226537764,0.077560529,0.001067865,0.147909373,25.35762405,0.005855652,5,50:27.6,,
5.00E-05,0.238369107,0.084096968,0.001122951,0.153149188,23.8938427,0.00586293,5,51:19.4,,
5.00E-05,0.228961259,0.080398172,0.001152959,0.147410125,24.7145195,0.005875843,5,52:11.0,,
5.00E-05,0.238458931,0.079797037,0.001071505,0.157590389,23.84172821,0.005896363,5,53:03.0,,
5.00E-05,0.230403066,0.081934631,0.001144908,0.147323519,24.08925056,0.005886228,5,53:54.9,,
5.00E-05,0.249982208,0.081784315,0.001218466,0.166979417,24.89438057,0.00589901,5,54:46.8,,
5.00E-05,0.230128989,0.080712676,0.001255411,0.148160905,25.02638817,0.005905736,5,55:38.6,,
5.00E-05,0.228843674,0.079976887,0.001109153,0.147757635,25.30574417,0.005929784,5,56:30.3,,
5.00E-05,0.229967594,0.074464157,0.001113274,0.154390171,26.16036224,0.00592203,5,57:22.2,,
5.00E-05,0.233912677,0.083183661,0.001132329,0.149596676,24.38502121,0.00593678,5,58:14.0,,
5.00E-05,0.219702274,0.072308272,0.001080776,0.146313235,26.20485497,0.005926459,5,59:05.9,,
5.00E-05,0.231338173,0.079107367,0.001133797,0.151097015,25.09559441,0.005921979,5,59:57.8,,
5.00E-05,0.229947224,0.074405394,0.001120547,0.154421285,25.67609978,0.005934027,5,00:49.9,,
5.00E-05,0.235536933,0.081299096,0.00120821,0.153029621,24.49767876,0.005926601,5,01:41.8,,
5.00E-05,0.241882592,0.082642511,0.001130546,0.158109546,25.09104729,0.005935543,5,02:33.8,,
5.00E-05,0.239556745,0.081273198,0.001204464,0.157079086,25.05846214,0.005938808,5,03:25.4,,
5.00E-05,0.237814724,0.07975357,0.001113588,0.156947568,24.70082855,0.005930355,5,04:17.1,,
5.00E-05,0.250892878,0.082410939,0.001085866,0.167396083,24.68646049,0.005927768,5,05:08.9,,
5.00E-05,0.22987172,0.081282482,0.001162868,0.147426367,25.32638741,0.005939779,5,06:00.8,,
5.00E-05,0.241542265,0.07928326,0.001073752,0.16118525,25.71175385,0.005944896,5,06:52.7,,
5.00E-05,0.240251571,0.078281417,0.001142928,0.160827234,25.16832733,0.00594302,5,07:44.7,,
5.00E-05,0.236049071,0.078404546,0.001000743,0.156643778,25.21067047,0.005917688,5,08:36.5,,
5.00E-05,0.24596101,0.075902261,0.001222628,0.168836132,26.07608032,0.005933769,5,09:30.3,,
5.00E-05,0.232711971,0.074155644,0.001011123,0.157545194,25.91431618,0.005931271,5,10:21.9,,
5.00E-05,0.225563705,0.075198598,0.001134616,0.149230495,25.66917419,0.005937185,5,11:13.9,,
5.00E-05,0.246468782,0.079183035,0.001187732,0.166098014,24.95088577,0.005927884,5,12:05.7,,
5.00E-05,0.244403958,0.080416605,0.001058808,0.162928537,24.82974815,0.005930083,5,12:57.5,,
5.00E-05,0.234885931,0.078354374,0.001159898,0.155371666,25.76675415,0.005923436,5,13:49.3,,
5.00E-05,0.244338453,0.079928599,0.00114471,0.163265139,24.71235275,0.005923611,5,14:41.3,,
5.00E-05,0.2292867,0.07722006,0.001128715,0.150937915,25.9796257,0.005913784,5,15:33.1,,
5.00E-05,0.219790637,0.073726274,0.001206355,0.144858018,25.88361931,0.005920593,5,16:25.0,,
5.00E-05,0.250772059,0.087055542,0.001169107,0.162547395,23.6547699,0.005896116,5,17:16.9,,
5.00E-05,0.237752184,0.080835998,0.001150625,0.155765563,24.45624542,0.005890911,5,18:08.9,,
5.00E-05,0.23855564,0.078156643,0.001150457,0.159248531,24.23736191,0.005900017,5,19:00.6,,
5.00E-05,0.223481983,0.073140986,0.001133417,0.149207577,25.45793915,0.005903213,5,19:52.5,,
5.00E-05,0.244724721,0.080470771,0.001068853,0.163185105,24.66351509,0.005894143,5,20:44.4,,
5.00E-05,0.233040109,0.07697165,0.001112075,0.154956385,25.30948639,0.005902634,5,21:36.4,,
5.00E-05,0.220474541,0.078098446,0.001197215,0.141178876,24.75198364,0.005884039,5,22:28.2,,
5.00E-05,0.230074614,0.080364369,0.001080895,0.148629352,24.50112915,0.005882129,5,23:20.0,,
5.00E-05,0.230093569,0.076606646,0.001193907,0.152293026,24.89378357,0.005892344,5,24:11.8,,
5.00E-05,0.23380664,0.080447316,0.001126452,0.15223287,24.07380104,0.005902302,5,25:03.9,,
5.00E-05,0.23977834,0.079080045,0.001125396,0.159572899,25.24533272,0.005889268,5,25:55.8,,
5.00E-05,0.227738231,0.076031469,0.001092161,0.150614604,25.05739021,0.00588311,5,26:47.6,,
5.00E-05,0.235438406,0.075266577,0.00117448,0.158997342,25.92992592,0.005883879,5,27:39.5,,
5.00E-05,0.230666667,0.077858128,0.001118911,0.151689634,25.07648277,0.005890707,5,28:31.2,,
5.00E-05,0.227465063,0.079908431,0.001075396,0.146481231,25.09518623,0.005885689,5,29:23.1,,
5.00E-05,0.220396072,0.079532973,0.001038712,0.139824376,25.11198044,0.005911487,5,30:15.0,,
5.00E-05,0.240261197,0.085985273,0.001223255,0.153052673,24.31389999,0.005907316,5,31:06.9,,
5.00E-05,0.238255993,0.07274197,0.001238625,0.164275393,26.26339149,0.00589149,5,31:58.6,,
5.00E-05,0.234628886,0.07675381,0.001086954,0.156788126,25.02670479,0.00588409,5,32:50.2,,
5.00E-05,0.244686395,0.08192081,0.001098503,0.161667079,25.08092117,0.005870501,5,33:42.0,,
5.00E-05,0.229979545,0.081370436,0.001101642,0.147507474,24.13764,0.005871194,5,34:33.8,,
5.00E-05,0.231974244,0.078629196,0.001238099,0.152106941,24.67816925,0.005871127,5,35:25.9,,
5.00E-05,0.236292794,0.077389903,0.001161714,0.157741174,24.94762802,0.005868681,5,36:17.9,,
5.00E-05,0.236506402,0.083309188,0.001093273,0.152103931,24.47331429,0.005874882,5,37:09.9,,
5.00E-05,0.238331616,0.073801972,0.001080826,0.163448811,25.67731667,0.005866344,5,38:01.8,,
5.00E-05,0.237986296,0.080552898,0.001116944,0.156316444,24.3934021,0.005855811,5,38:53.9,,
5.00E-05,0.24036625,0.07864593,0.001170755,0.160549566,25.43974304,0.005861507,5,39:45.6,,
5.00E-05,0.235077441,0.076380096,0.001088335,0.157609016,25.7003746,0.005877926,5,40:37.5,,
5.00E-05,0.239583045,0.080774471,0.001088775,0.157719806,24.54698181,0.005881366,5,41:31.2,,
5.00E-05,0.241383865,0.086774901,0.001007751,0.153601214,22.91378975,0.005888864,5,42:23.2,,
5.00E-05,0.247514769,0.086424097,0.001138018,0.159952655,24.16108322,0.005899353,5,43:15.0,,
5.00E-05,0.223400056,0.072739281,0.001124945,0.149535835,25.89954376,0.005906849,5,44:06.9,,
5.00E-05,0.228928849,0.080101915,0.001173581,0.147653356,24.58140945,0.005908311,5,44:58.7,,
5.00E-05,0.237741485,0.075219668,0.001082236,0.161439583,25.55358696,0.005900376,5,45:50.5,,
5.00E-05,0.241955131,0.080449745,0.001096085,0.160409302,24.70836258,0.005895087,5,46:42.1,,
5.00E-05,0.234388053,0.085906953,0.001108291,0.147372812,24.34150505,0.005898967,5,47:34.1,,
5.00E-05,0.246448457,0.085908443,0.001171461,0.15936856,24.25925064,0.005892687,5,48:44.4,,
5.00E-05,0.2367073,0.084547542,0.001123429,0.151036322,24.14308929,0.005916769,5,49:36.4,,
5.00E-05,0.257749557,0.084007092,0.001182316,0.17256014,24.29956818,0.005925055,5,50:28.4,,
5.00E-05,0.246542394,0.082674868,0.001154593,0.162712932,23.84955597,0.005928845,5,51:20.1,,
5.00E-05,0.238804206,0.083593465,0.001137352,0.154073387,24.80629158,0.005940897,5,52:12.0,,
5.00E-05,0.23630321,0.08169274,0.001149437,0.153461024,24.57803726,0.005930516,5,53:04.0,,
5.00E-05,0.240222663,0.08023864,0.001132867,0.158851147,24.53050613,0.005946387,5,53:55.8,,
5.00E-05,0.242488176,0.085014127,0.001356589,0.156117454,23.35638237,0.005969024,5,54:47.6,,
5.00E-05,0.240306914,0.090076596,0.00111072,0.149119601,23.68638802,0.005964722,5,55:39.2,,
5.00E-05,0.235565722,0.078034654,0.001101607,0.156429455,24.59736061,0.005961216,5,56:30.8,,
5.00E-05,0.229957238,0.079895236,0.001028502,0.149033502,25.16976357,0.005945225,5,57:22.6,,
5.00E-05,0.2323111,0.080371812,0.001113627,0.150825664,24.23563766,0.005980322,5,58:14.6,,
5.00E-05,0.234542415,0.079788081,0.001186705,0.153567627,24.63121223,0.005973488,5,59:06.4,,
5.00E-05,0.235674024,0.077335872,0.00111214,0.157226011,24.78628159,0.005972543,5,59:58.1,,
5.00E-05,0.221401185,0.074589975,0.00113135,0.145679861,25.96443558,0.00597465,5,00:49.8,,
5.00E-05,0.231695265,0.082925141,0.001258855,0.147511259,24.5109024,0.005989566,5,01:41.6,,
5.00E-05,0.242442876,0.082885332,0.001151027,0.158406511,24.5759182,0.00597927,5,02:33.5,,
5.00E-05,0.24306795,0.077930875,0.001120506,0.164016575,24.90111351,0.005995309,5,03:25.4,,
5.00E-05,0.22016947,0.072132431,0.001237338,0.146799698,26.57247925,0.005987308,5,04:17.4,,
5.00E-05,0.243773282,0.08110597,0.001255009,0.161412314,25.12033653,0.005982319,5,05:09.5,,
5.00E-05,0.238079742,0.078406103,0.00121262,0.158461019,24.78365326,0.005971002,5,06:01.4,,
5.00E-05,0.240377724,0.078277022,0.001176843,0.160923868,25.02354813,0.005966904,5,06:53.2,,
5.00E-05,0.240842268,0.081236459,0.00111785,0.158487961,24.71310425,0.00594641,5,07:45.1,,
5.00E-05,0.241687551,0.078749813,0.001147798,0.161789939,25.08723259,0.00593115,5,08:37.1,,
5.00E-05,0.234492823,0.075105503,0.001206202,0.158181116,25.28646278,0.00594463,5,09:29.0,,
5.00E-05,0.233168334,0.082521081,0.001150173,0.149497077,24.36722946,0.005962526,5,10:20.8,,
5.00E-05,0.23699975,0.079583205,0.001312126,0.156104416,24.90800858,0.005971999,5,11:12.5,,
5.00E-05,0.228532106,0.077315569,0.00113257,0.150083959,24.20057297,0.005960249,5,12:04.3,,
5.00E-05,0.231973365,0.077443667,0.001073141,0.153456554,25.05311775,0.005964201,5,12:56.3,,
5.00E-05,0.225968435,0.076665275,0.001159274,0.148143888,24.27497101,0.005974747,5,13:49.9,,
5.00E-05,0.238239795,0.081295878,0.001267627,0.15567629,24.56010628,0.005978711,5,14:42.0,,
5.00E-05,0.234625652,0.07539878,0.001098384,0.158128485,26.40649605,0.005970153,5,15:34.0,,
5.00E-05,0.227466747,0.081242777,0.001104023,0.14511995,24.86875343,0.005962247,5,16:25.9,,
5.00E-05,0.240004897,0.074474618,0.001070524,0.16445975,25.94449043,0.005974434,5,17:17.8,,
5.00E-05,0.244214907,0.082423128,0.00111542,0.16067636,24.1799469,0.005978013,5,18:09.7,,
5.00E-05,0.233459458,0.076748118,0.001181976,0.155529365,24.94626045,0.00597636,5,19:01.7,,
5.00E-05,0.236537889,0.079854824,0.001162656,0.155520409,24.81007767,0.005966434,5,19:53.4,,
5.00E-05,0.24263525,0.084141046,0.001081184,0.157413021,23.67086411,0.005954923,5,20:45.2,,
5.00E-05,0.238035947,0.08300107,0.001137702,0.153897166,24.55299187,0.005977856,5,21:36.8,,
5.00E-05,0.246988535,0.077789932,0.001131527,0.168067068,24.60640335,0.005990343,5,22:28.8,,
5.00E-05,0.241205752,0.083423808,0.001159156,0.156622797,23.86403656,0.00598255,5,23:20.5,,
,,,,,,,5,24:00.6,0.823919773,15.93014526
5.00E-05,0.246359557,0.080377802,0.001156799,0.164824963,24.62325668,0.005983289,5,24:52.0,,
5.00E-05,0.235011965,0.083860151,0.001117436,0.150034368,23.68780899,0.006000763,5,25:43.7,,
5.00E-05,0.24115482,0.078569457,0.001083256,0.161502108,24.53513718,0.006015598,5,26:35.3,,
5.00E-05,0.240748644,0.082932033,0.001145609,0.156671003,24.03499985,0.00601524,5,27:27.0,,
5.00E-05,0.23651576,0.081539795,0.001135858,0.15384011,24.55931854,0.006041518,5,28:18.9,,
5.00E-05,0.234688148,0.082943372,0.001190239,0.150554538,24.24502373,0.006043752,5,29:10.6,,
5.00E-05,0.255317867,0.08927881,0.001140081,0.164898977,23.34568214,0.006040936,5,30:02.6,,
5.00E-05,0.235462472,0.077897295,0.001112894,0.156452283,25.33313751,0.00606942,5,30:54.3,,
5.00E-05,0.2500664,0.090353474,0.001137241,0.158575684,23.28833008,0.006048895,5,31:46.3,,
5.00E-05,0.244542882,0.083895788,0.001064348,0.159582749,24.44439697,0.006044766,5,32:38.2,,
5.00E-05,0.239293635,0.077751912,0.001174632,0.160367087,24.90467453,0.006035455,5,33:30.3,,
5.00E-05,0.246729329,0.081238195,0.001146016,0.164345115,25.28612518,0.006045205,5,34:22.1,,
5.00E-05,0.241888613,0.079138301,0.001060288,0.161690027,24.62418747,0.006027114,5,35:14.2,,
5.00E-05,0.248910263,0.084843069,0.001193959,0.162873238,24.19048309,0.006034968,5,36:06.2,,
5.00E-05,0.220976442,0.075574264,0.001118489,0.144283697,25.784235,0.006043037,5,36:58.2,,
5.00E-05,0.237184495,0.076628223,0.001196121,0.159360155,25.21327782,0.006029503,5,37:50.0,,
5.00E-05,0.240720928,0.080326796,0.001062748,0.159331381,24.69296265,0.006040392,5,38:41.7,,
5.00E-05,0.241872966,0.086876221,0.001288004,0.153708741,24.20451736,0.006025448,5,39:33.4,,
5.00E-05,0.227822006,0.076980233,0.001190211,0.149651572,25.56900978,0.006049224,5,40:25.1,,
5.00E-05,0.24556908,0.088484831,0.00119735,0.155886889,23.21149635,0.00603092,5,41:16.9,,
5.00E-05,0.237210676,0.078724615,0.001069259,0.157416806,24.96087837,0.006015555,5,42:09.0,,
5.00E-05,0.241934642,0.078377217,0.001013143,0.16254428,24.49058914,0.006017486,5,43:00.9,,
5.00E-05,0.224552318,0.077349052,0.001135363,0.146067902,25.01759338,0.006015745,5,43:52.7,,
5.00E-05,0.242290795,0.080880828,0.001182045,0.160227925,24.50320053,0.006018109,5,44:44.5,,
5.00E-05,0.233034045,0.076772653,0.00120917,0.15505223,25.01095963,0.006012819,5,45:36.5,,
5.00E-05,0.23925975,0.077681988,0.001109011,0.160468742,25.05022049,0.006033423,5,46:30.3,,
5.00E-05,0.240052611,0.077158108,0.001123362,0.161771148,25.01576996,0.006022647,5,47:22.2,,
5.00E-05,0.236586303,0.083242156,0.001075487,0.152268663,23.68217468,0.006023796,5,48:13.9,,
5.00E-05,0.249957114,0.084382065,0.001132727,0.164442316,23.99382401,0.006015013,5,49:05.6,,
5.00E-05,0.240355343,0.083490208,0.001035899,0.155829236,24.65327263,0.006003677,5,49:57.4,,
5.00E-05,0.242451087,0.081016056,0.001162073,0.160272956,24.34590912,0.006004479,5,50:49.4,,
5.00E-05,0.243269131,0.082604125,0.001130267,0.159534737,24.27849579,0.00602384,5,51:41.3,,
5.00E-05,0.237242758,0.08089076,0.001135697,0.155216292,24.55532455,0.006011205,5,52:33.1,,
5.00E-05,0.234584481,0.076256052,0.001148276,0.15718016,25.22628975,0.006009655,5,53:24.9,,
5.00E-05,0.226215646,0.076907635,0.001176239,0.148131773,24.60504532,0.006011713,5,54:16.9,,
5.00E-05,0.226010308,0.075007901,0.001124577,0.149877831,25.95443916,0.005998089,5,55:08.6,,
5.00E-05,0.246631041,0.079397053,0.00111677,0.166117221,24.78694725,0.005988766,5,56:00.6,,
5.00E-05,0.23063767,0.076885492,0.001193005,0.152559176,25.83230782,0.005976656,5,56:52.5,,
5.00E-05,0.240983278,0.082621224,0.001254858,0.157107189,24.43936348,0.005979198,5,57:44.5,,
5.00E-05,0.248434991,0.087973386,0.001098092,0.159363508,23.56729698,0.005965183,5,58:36.3,,
5.00E-05,0.237174898,0.08131557,0.00116241,0.154696912,24.20179367,0.005959212,5,59:28.4,,
5.00E-05,0.231499746,0.07818944,0.001141256,0.152169049,25.19062042,0.005985389,5,00:20.0,,
5.00E-05,0.234267503,0.07827083,0.001057906,0.154938772,24.43935585,0.005975616,5,01:11.9,,
5.00E-05,0.226504117,0.079148054,0.001117488,0.14623858,24.87553024,0.005960695,5,02:03.7,,
5.00E-05,0.238213643,0.082219116,0.001140767,0.154853761,24.42868423,0.005968762,5,02:55.4,,
5.00E-05,0.23170127,0.073853061,0.001098839,0.156749368,26.27303314,0.005950824,5,03:46.9,,
5.00E-05,0.240335852,0.080899209,0.001131301,0.158305332,24.31619644,0.005944987,5,04:38.7,,
5.00E-05,0.249377668,0.082661688,0.001144536,0.165571451,23.67869186,0.005947448,5,05:30.5,,
5.00E-05,0.232214808,0.080163881,0.001121455,0.150929481,24.45738983,0.005927353,5,06:22.3,,
5.00E-05,0.238072738,0.077288479,0.001125498,0.15965876,25.27074432,0.005943127,5,07:14.0,,
5.00E-05,0.235275775,0.07876312,0.001059279,0.155453369,24.8751297,0.005933743,5,08:05.8,,
5.00E-05,0.247156113,0.087867565,0.001284717,0.158003822,23.81639862,0.005916216,5,08:57.7,,
5.00E-05,0.231526226,0.079414219,0.001174501,0.150937513,24.08192062,0.005923479,5,09:49.6,,
5.00E-05,0.234692037,0.075699754,0.001105992,0.157886297,24.96429443,0.005951005,5,10:41.4,,
5.00E-05,0.23549667,0.077168137,0.001166777,0.157161757,25.60281754,0.005965723,5,11:33.3,,
5.00E-05,0.252976656,0.091076545,0.001116247,0.160783857,22.89197159,0.005969388,5,12:24.9,,
5.00E-05,0.250417739,0.079560056,0.001141366,0.169716313,25.13483429,0.005973631,5,13:16.7,,
5.00E-05,0.250075877,0.081742451,0.001118518,0.167214915,24.76611137,0.005976704,5,14:08.5,,
5.00E-05,0.23407045,0.075318493,0.001203729,0.157548219,25.51578331,0.005962131,5,15:00.5,,
5.00E-05,0.236497223,0.084742673,0.001162959,0.150591597,24.12793159,0.005978406,5,16:11.3,,
5.00E-05,0.231202722,0.078773282,0.001252833,0.151176617,25.16389465,0.005997131,5,17:03.1,,
5.00E-05,0.23523955,0.080034278,0.001155082,0.154050186,24.81621552,0.006001533,5,17:56.9,,
5.00E-05,0.238090605,0.081889972,0.001191724,0.155008897,24.8256073,0.006007821,5,18:48.8,,
5.00E-05,0.246627837,0.080739826,0.00119437,0.164693639,25.02421379,0.0060003,5,19:40.7,,
5.00E-05,0.25355956,0.082929417,0.001208282,0.169421852,24.60622406,0.006026807,5,20:32.7,,
5.00E-05,0.234765232,0.080458164,0.00117151,0.153135568,24.8817215,0.006017962,5,21:24.7,,
5.00E-05,0.246906489,0.090394147,0.001141311,0.15537104,22.65919876,0.006009827,5,22:16.6,,
5.00E-05,0.222107232,0.075035594,0.00118543,0.145886213,25.56371498,0.006024,5,23:08.6,,
5.00E-05,0.23282823,0.082296804,0.001206063,0.149325356,24.22108841,0.006020161,5,24:00.5,,
5.00E-05,0.234768748,0.084090993,0.001147268,0.149530485,23.61377907,0.006015733,5,24:52.0,,
5.00E-05,0.21799466,0.073900893,0.001130184,0.142963573,26.31830978,0.00601273,5,25:43.8,,
5.00E-05,0.23207441,0.076110087,0.001156257,0.154808059,25.54887581,0.006012573,5,26:35.7,,
5.00E-05,0.235589087,0.082552984,0.00113181,0.1519043,24.33216858,0.00601275,5,27:27.7,,
5.00E-05,0.242817461,0.078527227,0.00116059,0.163129643,24.81040764,0.006018703,5,28:19.6,,
5.00E-05,0.24601011,0.080833346,0.001151412,0.164025351,25.21280479,0.005994912,5,29:11.5,,
5.00E-05,0.240730822,0.083545297,0.001110369,0.156075165,24.24664307,0.00598105,5,30:03.2,,
5.00E-05,0.242747635,0.080256432,0.00117503,0.161316171,25.05525208,0.005959772,5,30:55.2,,
5.00E-05,0.226069152,0.078824624,0.001123317,0.146121219,24.80798531,0.005958911,5,31:46.9,,
5.00E-05,0.232408047,0.077961676,0.001135989,0.153310373,24.41313553,0.005962157,5,32:38.6,,
5.00E-05,0.241328448,0.083399974,0.001165528,0.156762943,24.09700012,0.005969086,5,33:30.5,,
5.00E-05,0.235428497,0.081062041,0.001102397,0.153264061,24.75231361,0.005966619,5,34:22.6,,
5.00E-05,0.237019256,0.076083638,0.001161075,0.159774542,25.47905731,0.00596142,5,35:14.6,,
5.00E-05,0.222743914,0.072898254,0.001099301,0.148746356,25.5490284,0.005964062,5,36:06.7,,
5.00E-05,0.221911907,0.075226866,0.001145053,0.145539999,25.68734169,0.00595863,5,36:58.5,,
5.00E-05,0.248841256,0.083219618,0.001217326,0.164404318,23.79084015,0.005948554,5,37:50.4,,
5.00E-05,0.22568588,0.075230807,0.001180026,0.14927505,25.6909523,0.005946002,5,38:42.4,,
5.00E-05,0.227336392,0.080445103,0.00119241,0.145698875,25.35319901,0.005946453,5,39:34.2,,
5.00E-05,0.223694012,0.077347122,0.00122324,0.145123646,24.84419632,0.00593981,5,40:26.2,,
5.00E-05,0.229877204,0.081843972,0.001229055,0.146804184,24.90391159,0.005931039,5,41:18.2,,
5.00E-05,0.235922962,0.077681653,0.001175654,0.157065645,24.45736313,0.005938051,5,42:09.9,,
5.00E-05,0.244986981,0.083083935,0.001102392,0.160800651,24.41533661,0.005927522,5,43:01.7,,
5.00E-05,0.237364963,0.083126217,0.001259627,0.152979121,24.59739685,0.005947338,5,43:53.5,,
5.00E-05,0.231387913,0.077601582,0.001187376,0.152598962,25.35705948,0.005958323,5,44:45.2,,
5.00E-05,0.237535223,0.079130776,0.001322306,0.15708214,24.41396332,0.00595045,5,45:37.1,,
5.00E-05,0.234969914,0.079882428,0.001142578,0.15394491,24.87989235,0.005952002,5,46:28.8,,
5.00E-05,0.240912408,0.08446344,0.001261146,0.155187815,23.26488876,0.005952958,5,47:20.5,,
5.00E-05,0.225013182,0.075504228,0.001191379,0.148317575,25.12561607,0.005951862,5,48:12.4,,
5.00E-05,0.216576472,0.073505931,0.001069225,0.142001316,25.66053391,0.005956474,5,49:04.1,,
5.00E-05,0.241051123,0.079729259,0.001123964,0.160197899,25.22232819,0.005936828,5,49:57.8,,
5.00E-05,0.230307251,0.079062425,0.001225249,0.150019571,24.68199539,0.0059371,5,50:49.7,,
5.00E-05,0.249726772,0.08705426,0.001230744,0.161441773,23.73537827,0.005938264,5,51:41.5,,
5.00E-05,0.242219299,0.081307359,0.00120457,0.159707367,24.56708908,0.005938638,5,52:33.3,,
5.00E-05,0.237369224,0.080219112,0.001143509,0.156006604,24.8713665,0.005932705,5,53:25.0,,
5.00E-05,0.231856316,0.080505162,0.001197422,0.150153741,23.33930016,0.005924761,5,54:16.7,,
5.00E-05,0.250944495,0.084308356,0.001165223,0.165470928,23.6913414,0.005914952,5,55:08.5,,
5.00E-05,0.235524535,0.082525283,0.001168864,0.15183039,24.39596367,0.005932617,5,56:00.3,,
5.00E-05,0.228064686,0.081340067,0.001238717,0.145485908,23.92635727,0.00591174,5,56:52.3,,
5.00E-05,0.223622441,0.075806871,0.001096162,0.146719411,25.50377846,0.005918916,5,57:44.1,,
5.00E-05,0.230638444,0.079520501,0.001261326,0.149856627,25.41777802,0.005919816,5,58:36.0,,
5.00E-05,0.238376006,0.077218212,0.001120307,0.160037488,25.39396095,0.005925722,5,59:27.8,,
5.00E-05,0.22517556,0.080921635,0.001242311,0.143011615,25.0532074,0.005915397,5,00:19.6,,
5.00E-05,0.236218601,0.076860905,0.001122134,0.158235565,24.87757111,0.005905291,5,01:11.3,,
5.00E-05,0.233089104,0.07995373,0.00111592,0.152019456,24.83076859,0.005911413,5,02:03.0,,
5.00E-05,0.226238817,0.07661102,0.001107541,0.148520246,25.84256744,0.005926736,5,02:54.7,,
5.00E-05,0.231716603,0.081740014,0.001211405,0.148765177,25.05155563,0.005927092,5,03:46.6,,
5.00E-05,0.228681952,0.081492163,0.00117094,0.146018848,24.70573616,0.005920172,5,04:38.5,,
5.00E-05,0.238504842,0.080205396,0.001163067,0.157136381,25.21341133,0.005924467,5,05:30.4,,
5.00E-05,0.242271125,0.078017235,0.001144419,0.163109466,25.36037636,0.005922236,5,06:22.2,,
5.00E-05,0.2359927,0.082051568,0.001221527,0.152719602,24.33003616,0.005914952,5,07:13.9,,
5.00E-05,0.233484834,0.080669329,0.00113219,0.151683316,23.53622246,0.005916216,5,08:05.4,,
5.00E-05,0.22635968,0.079010263,0.001242665,0.14610675,24.72639465,0.005910106,5,08:57.4,,
5.00E-05,0.249007732,0.081565358,0.00113889,0.166303486,24.51371956,0.005926643,5,09:49.2,,
5.00E-05,0.230528057,0.080423541,0.001148745,0.148955762,24.59511185,0.00593842,5,10:41.2,,
5.00E-05,0.228558421,0.080704071,0.001094112,0.14676024,25.20666122,0.005917544,5,11:33.4,,
5.00E-05,0.224013984,0.075360864,0.001149054,0.147504076,25.17362404,0.005924142,5,12:25.3,,
5.00E-05,0.231498659,0.077402152,0.001193049,0.152903467,25.13883972,0.005931079,5,13:17.1,,
5.00E-05,0.235588983,0.079951786,0.001141912,0.154495284,24.48585701,0.005913068,5,14:09.0,,
5.00E-05,0.23534584,0.073283114,0.001201528,0.160861209,26.41011047,0.00591704,5,15:00.8,,
5.00E-05,0.243748635,0.08353693,0.001199929,0.159011781,24.17913628,0.005924114,5,15:52.5,,
5.00E-05,0.238545686,0.081991747,0.001067408,0.155486524,24.77592468,0.005942473,5,16:44.3,,
5.00E-05,0.226561397,0.075097747,0.001195638,0.150268018,25.20531464,0.00592538,5,17:36.2,,
5.00E-05,0.2255705,0.081425764,0.001190276,0.142954469,24.78473473,0.00594223,5,18:27.9,,
5.00E-05,0.228456259,0.078266054,0.001246024,0.148944184,24.81388092,0.00592872,5,19:19.8,,
5.00E-05,0.238946974,0.07566531,0.001174395,0.162107274,25.51568604,0.005923111,5,20:11.6,,
5.00E-05,0.244870991,0.085563079,0.001227112,0.158080801,23.8003273,0.005915315,5,21:03.4,,
5.00E-05,0.233159423,0.082810059,0.001142192,0.149207175,24.2130127,0.005908034,5,21:56.9,,
5.00E-05,0.223308295,0.077093631,0.001150551,0.145064116,24.86480713,0.005906338,5,22:48.9,,
5.00E-05,0.252405912,0.078399852,0.001154705,0.172851354,25.50037766,0.005899868,5,23:40.9,,
5.00E-05,0.246083349,0.077152811,0.00111691,0.167813629,25.46939087,0.005905021,5,24:32.7,,
5.00E-05,0.244888842,0.086080723,0.001156249,0.157651871,24.23210144,0.005889945,5,25:24.5,,
5.00E-05,0.233098716,0.078895055,0.001161799,0.153041869,25.40969658,0.005883997,5,26:16.5,,
5.00E-05,0.229666293,0.077594988,0.001101263,0.150970042,25.8173008,0.005881738,5,27:08.4,,
5.00E-05,0.244901657,0.086696826,0.001218434,0.1569864,24.14892006,0.005889131,5,28:00.4,,
5.00E-05,0.236930743,0.084010452,0.001218646,0.151701644,24.73196411,0.005886688,5,28:52.4,,
5.00E-05,0.238096774,0.080737337,0.001161718,0.156197727,24.12866592,0.005885462,5,29:44.4,,
5.00E-05,0.235228062,0.079177327,0.001129625,0.154921114,24.5941925,0.005886315,5,30:36.2,,
5.00E-05,0.239297524,0.078904465,0.001181216,0.159211844,25.45387459,0.005889737,5,31:27.8,,
5.00E-05,0.247707233,0.085827671,0.001232292,0.160647273,23.48011398,0.005868312,5,32:19.4,,
5.00E-05,0.23070617,0.080220014,0.001172856,0.149313301,24.71347618,0.005872348,5,33:11.2,,
5.00E-05,0.238696158,0.076024003,0.001180187,0.161491975,25.08816528,0.005885602,5,34:03.1,,
5.00E-05,0.237288982,0.085024685,0.001174331,0.151089966,23.80449295,0.005887107,5,34:55.0,,
5.00E-05,0.233314484,0.080834493,0.00122279,0.151257202,24.33639336,0.005899277,5,35:47.0,,
5.00E-05,0.229826018,0.083973624,0.001202455,0.144649938,24.73200226,0.005895359,5,36:38.9,,
5.00E-05,0.238337293,0.078181759,0.00122771,0.158927828,25.51716232,0.005892307,5,37:31.0,,
5.00E-05,0.225779802,0.072835952,0.001151583,0.151792273,26.36733055,0.005909395,5,38:22.9,,
5.00E-05,0.240123689,0.080742501,0.001154132,0.158227056,24.42127991,0.005888261,5,39:14.9,,
5.00E-05,0.22404018,0.079847395,0.001303161,0.142889619,24.67195892,0.005892249,5,40:06.9,,
5.00E-05,0.226516128,0.079333618,0.001317478,0.145865023,24.45656586,0.005885975,5,40:58.9,,
5.00E-05,0.238774613,0.084436566,0.001209362,0.153128684,24.13705826,0.005891105,5,41:50.9,,
5.00E-05,0.240495265,0.075710066,0.001154841,0.163630351,25.53238297,0.005873625,5,43:01.3,,
5.00E-05,0.235688463,0.080181807,0.001330165,0.154176489,25.58393097,0.005870567,5,43:53.5,,
5.00E-05,0.230062783,0.076558374,0.001205934,0.152298465,24.40203476,0.005873564,5,44:45.4,,
5.00E-05,0.234882757,0.086587027,0.001279939,0.147015795,24.04827309,0.005876751,5,45:37.4,,
5.00E-05,0.233892441,0.078614309,0.001214797,0.154063329,24.18846321,0.005879282,5,46:29.4,,
5.00E-05,0.225016028,0.071976431,0.001173977,0.151865616,26.42957687,0.005898644,5,47:21.7,,
5.00E-05,0.243578866,0.081929974,0.0011966,0.160452291,24.34329605,0.005902679,5,48:13.7,,
5.00E-05,0.239237562,0.080289371,0.001232158,0.157716036,24.25706673,0.005890419,5,49:05.6,,
5.00E-05,0.230440229,0.078958519,0.001162973,0.150318742,25.37725258,0.005894196,5,49:57.5,,
5.00E-05,0.228485703,0.07639166,0.001232462,0.150861576,24.8968792,0.005874942,5,50:49.6,,
5.00E-05,0.256627202,0.09350156,0.00121907,0.161906555,22.93217659,0.005850174,5,51:41.5,,
5.00E-05,0.237723947,0.083050519,0.001218302,0.153455123,23.89982224,0.005839204,5,52:33.6,,
5.00E-05,0.247935504,0.085478492,0.001233055,0.161223963,24.17352676,0.005827027,5,53:25.4,,
5.00E-05,0.242038518,0.078685358,0.001215689,0.162137464,24.65015221,0.005833279,5,54:19.5,,
5.00E-05,0.233187288,0.078253433,0.001167436,0.153766423,25.61576653,0.00583828,5,55:11.6,,
5.00E-05,0.238537461,0.07798785,0.001165112,0.159384504,25.5882473,0.005834239,5,56:03.6,,
5.00E-05,0.231321514,0.074613474,0.001164341,0.1555437,25.64960289,0.005829834,5,56:55.5,,
5.00E-05,0.239382505,0.07863418,0.001167098,0.159581229,24.70998573,0.005850592,5,57:47.6,,
5.00E-05,0.237165913,0.078323923,0.001186558,0.157655433,25.16687012,0.005829934,5,58:39.6,,
5.00E-05,0.233117908,0.084360324,0.001223027,0.147534564,23.59298325,0.005830261,5,59:31.7,,
5.00E-05,0.250786215,0.087345615,0.001092858,0.162347734,23.70392609,0.005844262,5,00:23.7,,
5.00E-05,0.242449731,0.080690131,0.001183893,0.160575703,24.78075409,0.005855351,5,01:15.9,,
5.00E-05,0.249766767,0.080961883,0.00124649,0.167558402,24.91374588,0.00586585,5,02:08.0,,
5.00E-05,0.224536255,0.07284198,0.001182532,0.150511742,25.50647736,0.005863634,5,03:00.2,,
5.00E-05,0.245590776,0.078258157,0.001108247,0.166224375,25.62366295,0.005854186,5,03:52.3,,
5.00E-05,0.230640784,0.081491925,0.001126821,0.148022041,24.64343262,0.005862053,5,04:44.3,,
5.00E-05,0.235813886,0.079854503,0.001039047,0.15492034,24.38800812,0.005857492,5,05:36.3,,
5.00E-05,0.236256868,0.083567284,0.001236248,0.151453346,23.81373215,0.00584156,5,06:28.1,,
5.00E-05,0.242491663,0.081673436,0.001163218,0.159655005,24.6219101,0.00586324,5,07:20.1,,
5.00E-05,0.234250844,0.074572742,0.001233124,0.158444971,25.33940315,0.005850932,5,08:12.1,,
5.00E-05,0.227856487,0.077839524,0.001138691,0.148878276,25.60648155,0.005846381,5,09:03.9,,
5.00E-05,0.243998408,0.082420707,0.001302814,0.160274893,24.41750717,0.005863,5,09:56.0,,
5.00E-05,0.224998131,0.0791789,0.001160386,0.144658849,25.22039795,0.005846239,5,10:48.1,,
5.00E-05,0.230474859,0.074778415,0.001122029,0.154574409,25.09147263,0.005855007,5,11:40.2,,
5.00E-05,0.2331267,0.082806848,0.001257419,0.14906244,24.09459305,0.005872434,5,12:32.3,,
5.00E-05,0.23799412,0.08062163,0.001227063,0.156145424,24.70474052,0.005866583,5,13:24.4,,
5.00E-05,0.243151397,0.083712861,0.001152773,0.158285767,25.05696869,0.00584713,5,14:16.4,,
5.00E-05,0.238093555,0.078740448,0.001114702,0.158238396,25.15203285,0.005872068,5,15:08.4,,
5.00E-05,0.228698432,0.074589424,0.001103953,0.153005064,25.60720634,0.005866328,5,16:00.4,,
5.00E-05,0.234412581,0.085728511,0.001197061,0.147487,23.5850029,0.005855007,5,16:52.5,,
5.00E-05,0.230417743,0.077204101,0.001112199,0.152101442,25.14879417,0.00585804,5,17:44.6,,
,,,,,,,5,18:25.0,0.836662054,15.74526215
5.00E-05,0.220125198,0.074666902,0.001071483,0.144386813,25.89346886,0.005864776,5,19:16.3,,
5.00E-05,0.22796312,0.073972888,0.001061253,0.152928978,25.18420219,0.005850271,5,20:08.2,,
5.00E-05,0.242175996,0.085439399,0.001151306,0.155585289,23.75928879,0.005841182,5,21:00.0,,
5.00E-05,0.23230809,0.07278116,0.001050629,0.158476308,25.81027031,0.005842017,5,21:51.8,,
5.00E-05,0.226360261,0.079067849,0.001135078,0.146157324,24.72346115,0.005847465,5,22:43.8,,
5.00E-05,0.234202981,0.078619003,0.001115095,0.154468879,25.67136383,0.00584567,5,23:35.9,,
5.00E-05,0.23205322,0.07871969,0.001110948,0.152222589,24.87833023,0.00584928,5,24:27.8,,
5.00E-05,0.234401852,0.079144962,0.00115855,0.154098347,24.73732376,0.005865626,5,25:19.7,,
5.00E-05,0.236434564,0.083155096,0.001087995,0.152191475,24.02347946,0.005860275,5,26:13.7,,
5.00E-05,0.240215689,0.08132109,0.001125536,0.157769069,25.16248512,0.005859233,5,27:05.8,,
5.00E-05,0.241106123,0.078872003,0.001074794,0.161159322,24.28964233,0.00585245,5,27:57.7,,
5.00E-05,0.224311352,0.075861067,0.001078752,0.147371531,25.65254211,0.005842281,5,28:49.5,,
5.00E-05,0.234516278,0.083793193,0.001114188,0.149608895,24.9418087,0.005825805,5,29:41.3,,
5.00E-05,0.236974031,0.077516839,0.001176288,0.158280894,25.25136757,0.0058279,5,30:33.4,,
5.00E-05,0.237148926,0.080326006,0.001097918,0.155725002,23.80633354,0.005826246,5,31:25.5,,
5.00E-05,0.243213207,0.083830126,0.001117679,0.158265397,23.99004173,0.00582508,5,32:17.5,,
5.00E-05,0.241195068,0.077459648,0.001163302,0.162572116,25.11197853,0.005809548,5,33:09.5,,
5.00E-05,0.22231698,0.079145886,0.001092151,0.142078936,24.7788353,0.00579902,5,34:01.5,,
5.00E-05,0.23922658,0.082096942,0.001158884,0.155970752,24.57392883,0.0058147,5,34:53.6,,
5.00E-05,0.236228436,0.078447916,0.001090976,0.15668954,24.98587036,0.0058207,5,35:45.6,,
5.00E-05,0.241622522,0.079104289,0.001101284,0.161416948,24.95898819,0.005830525,5,36:37.5,,
5.00E-05,0.235719919,0.078785516,0.00111897,0.155815437,24.93843269,0.005836888,5,37:29.6,,
5.00E-05,0.246001899,0.082185321,0.001028013,0.16278857,24.40030861,0.005841092,5,38:21.8,,
5.00E-05,0.236751348,0.083423592,0.001254794,0.152072966,24.76402092,0.005819751,5,39:14.0,,
5.00E-05,0.246299401,0.080475613,0.0010805,0.164743289,24.96913147,0.005833346,5,40:06.0,,
5.00E-05,0.236265764,0.071658976,0.001143131,0.163463652,26.26773834,0.005820942,5,40:57.9,,
5.00E-05,0.240581527,0.085004613,0.001182231,0.154394686,24.5256443,0.005822052,5,41:50.1,,
5.00E-05,0.237453282,0.080648899,0.001047781,0.155756593,24.70204163,0.005813813,5,42:42.1,,
5.00E-05,0.233405188,0.079096317,0.001091499,0.153217375,24.70303345,0.005815867,5,43:34.2,,
5.00E-05,0.224452943,0.076378159,0.001051618,0.147023156,24.4467926,0.005838494,5,44:26.2,,
5.00E-05,0.227128252,0.075337879,0.001065992,0.150724381,25.58391762,0.005843211,5,45:18.2,,
5.00E-05,0.243082941,0.083500974,0.001108484,0.158473477,24.86342621,0.005828052,5,46:10.2,,
5.00E-05,0.245561302,0.07815595,0.001113481,0.166291878,24.80856895,0.005818403,5,47:02.2,,
5.00E-05,0.235702604,0.077693954,0.001031311,0.156977341,24.96800423,0.005825838,5,47:54.3,,
5.00E-05,0.221642584,0.075700454,0.001084429,0.14485769,24.92482948,0.00581974,5,48:46.3,,
5.00E-05,0.223770231,0.081458956,0.001192297,0.141118973,24.51608467,0.005812563,5,49:38.3,,
5.00E-05,0.244128406,0.079500221,0.001173252,0.163454935,25.13241577,0.005787528,5,50:30.4,,
5.00E-05,0.238631397,0.080989033,0.001091982,0.156550393,24.38415909,0.005779178,5,51:22.4,,
5.00E-05,0.234035552,0.075745821,0.001131951,0.157157779,24.99308395,0.005782213,5,52:14.4,,
5.00E-05,0.231708407,0.076277412,0.001054556,0.154376432,25.00911522,0.005769703,5,53:06.5,,
5.00E-05,0.227692857,0.076010376,0.001081574,0.15060091,25.51063919,0.005776142,5,53:58.7,,
5.00E-05,0.23771131,0.085190848,0.001250381,0.151270077,24.04691696,0.005787655,5,54:50.6,,
5.00E-05,0.233968794,0.079832874,0.00120193,0.152934,24.74872398,0.005795061,5,55:42.5,,
5.00E-05,0.237041235,0.081145436,0.001049648,0.154846162,24.72362518,0.005777238,5,56:34.4,,
5.00E-05,0.220374569,0.07763198,0.001133426,0.141609162,25.35821533,0.005759063,5,57:28.1,,
5.00E-05,0.241740644,0.085744642,0.001057961,0.154938042,24.16867828,0.005747371,5,58:20.1,,
5.00E-05,0.225589395,0.07518702,0.001117498,0.149284884,25.68234253,0.005732213,5,59:12.1,,
5.00E-05,0.239312232,0.084832825,0.001098324,0.153381079,23.50225639,0.005729393,5,00:03.7,,
5.00E-05,0.23309873,0.083238594,0.001047765,0.148812369,23.84566498,0.005732522,5,00:55.6,,
5.00E-05,0.250916302,0.079149313,0.001131832,0.170635164,24.64977455,0.005753782,5,01:47.6,,
5.00E-05,0.222288281,0.077825755,0.001038026,0.143424496,25.01583481,0.005750285,5,02:39.8,,
5.00E-05,0.231903911,0.075736411,0.001042021,0.155125484,25.59568214,0.005744631,5,03:31.5,,
5.00E-05,0.228704661,0.076319776,0.001010114,0.151374772,25.48003006,0.005732143,5,04:23.6,,
5.00E-05,0.228487909,0.078195587,0.001088848,0.149203464,24.88652992,0.005732889,5,05:15.6,,
5.00E-05,0.23560977,0.080582403,0.001157194,0.153870165,24.8379364,0.005733753,5,06:07.4,,
5.00E-05,0.235472754,0.077643096,0.001089127,0.156740531,25.56512833,0.005739738,5,06:59.1,,
5.00E-05,0.229397804,0.078374915,0.001065126,0.149957761,25.08247566,0.005741933,5,07:51.0,,
5.00E-05,0.24108012,0.08502993,0.001074403,0.154975787,23.56806564,0.005731776,5,08:42.9,,
5.00E-05,0.244099692,0.079519168,0.001154496,0.163426027,25.26727486,0.005723454,5,09:35.0,,
5.00E-05,0.233726621,0.081800163,0.001067232,0.150859222,24.7355442,0.005733753,5,10:45.7,,
5.00E-05,0.24101007,0.082932375,0.001157207,0.156920493,24.16696167,0.005743478,5,11:37.6,,
5.00E-05,0.237182349,0.080580503,0.001206154,0.155395702,24.88319778,0.00573799,5,12:29.4,,
5.00E-05,0.256757319,0.082957864,0.001190051,0.172609389,24.66238213,0.005769459,5,13:21.3,,
5.00E-05,0.238568693,0.084821455,0.00117926,0.152567983,23.27370644,0.005764945,5,14:13.1,,
5.00E-05,0.236808807,0.0797984,0.00103951,0.155970886,25.22159576,0.005772689,5,15:05.1,,
5.00E-05,0.235008657,0.081190318,0.001205016,0.152613327,24.96329498,0.005790233,5,15:56.9,,
5.00E-05,0.22311303,0.080098003,0.001129249,0.141885787,24.38969612,0.00578991,5,16:48.8,,
5.00E-05,0.250517935,0.087011129,0.001202442,0.162304357,23.56035995,0.005790112,5,17:40.6,,
5.00E-05,0.240451425,0.080818698,0.001200223,0.158432513,25.0178833,0.00579294,5,18:32.7,,
5.00E-05,0.247738719,0.081728235,0.001208298,0.164802194,24.59961891,0.005807424,5,19:24.5,,
5.00E-05,0.23183842,0.079785436,0.001115618,0.150937364,24.82408905,0.005826046,5,20:16.4,,
5.00E-05,0.23526369,0.077058323,0.001206155,0.156999215,25.42108727,0.005816164,5,21:08.2,,
5.00E-05,0.229227811,0.078516588,0.001186708,0.149524525,24.54999733,0.005810102,5,22:00.2,,
5.00E-05,0.243450209,0.084548756,0.001152917,0.157748535,23.91710663,0.005810942,5,22:51.9,,
5.00E-05,0.237164617,0.07841716,0.001144863,0.157602593,24.4166584,0.005805527,5,23:43.8,,
5.00E-05,0.259293973,0.086604804,0.001123551,0.171565637,23.76386642,0.005797748,5,24:35.9,,
5.00E-05,0.24045074,0.085531965,0.001163297,0.153755486,23.09098816,0.005792387,5,25:28.0,,
5.00E-05,0.236502752,0.076611757,0.001089576,0.158801422,25.38369751,0.005780814,5,26:19.8,,
5.00E-05,0.244997472,0.083541296,0.001174302,0.160281867,24.05630112,0.005787503,5,27:11.7,,
5.00E-05,0.224355042,0.077247202,0.00108196,0.146025881,25.54979134,0.005798217,5,28:03.5,,
5.00E-05,0.233492106,0.074592553,0.001125963,0.157773599,25.5681572,0.005796144,5,28:57.5,,
5.00E-05,0.239966065,0.085747093,0.00108557,0.153133407,24.06197548,0.005797532,5,29:49.2,,
5.00E-05,0.221004933,0.075213037,0.001268016,0.144523874,26.30157089,0.005807233,5,30:40.9,,
5.00E-05,0.24378258,0.080435783,0.001073423,0.162273377,24.61025429,0.005809124,5,31:32.9,,
5.00E-05,0.232639775,0.077915013,0.001096846,0.153627917,24.65047646,0.005796753,5,32:24.8,,
5.00E-05,0.221731544,0.072817869,0.001158195,0.147755474,25.75465965,0.005811274,5,33:16.7,,
5.00E-05,0.227333546,0.075166129,0.001148044,0.151019365,26.00496674,0.005805438,5,34:08.5,,
5.00E-05,0.242146701,0.078241535,0.001152422,0.162752748,25.54458618,0.005814922,5,35:00.3,,
5.00E-05,0.230682522,0.078214169,0.001119438,0.151348919,25.48354912,0.005820304,5,35:52.2,,
5.00E-05,0.233115941,0.080884844,0.00115988,0.151071221,24.31120682,0.005828019,5,36:44.1,,
5.00E-05,0.232470989,0.082450464,0.001113475,0.14890705,24.60600853,0.005826879,5,37:36.2,,
5.00E-05,0.231551036,0.077150665,0.001198288,0.153202087,25.43835068,0.005839095,5,38:28.1,,
5.00E-05,0.244495749,0.085095011,0.001156972,0.15824376,24.32929039,0.005828739,5,39:20.1,,
5.00E-05,0.246117413,0.083055571,0.001107161,0.161954686,24.16131973,0.005833304,5,40:11.9,,
5.00E-05,0.239841461,0.086298615,0.001119739,0.152423099,24.41989517,0.005824027,5,41:03.8,,
5.00E-05,0.229950935,0.083064392,0.00114951,0.145737037,24.06626701,0.005841501,5,41:55.7,,
5.00E-05,0.23047173,0.075730711,0.001085739,0.153655291,25.54959488,0.00584925,5,42:47.5,,
5.00E-05,0.236457497,0.077997372,0.001189536,0.157270595,24.97810555,0.005835368,5,43:38.9,,
5.00E-05,0.238456413,0.085901953,0.001140322,0.151414141,23.83758545,0.005838366,5,44:30.9,,
5.00E-05,0.227493018,0.073235616,0.001389853,0.152867541,25.75537491,0.005840852,5,45:22.7,,
5.00E-05,0.233350039,0.078599498,0.001127979,0.153622568,24.37447548,0.005839878,5,46:14.7,,
5.00E-05,0.230001122,0.081893958,0.001088975,0.147018194,24.60097313,0.005830434,5,47:06.6,,
5.00E-05,0.227538466,0.077789098,0.001173951,0.14857541,25.15211105,0.005820561,5,47:58.7,,
5.00E-05,0.23935914,0.07991495,0.001203384,0.15824081,24.9479599,0.005823146,5,48:50.8,,
5.00E-05,0.222045779,0.079781704,0.00108001,0.141184077,24.0574646,0.005825599,5,49:42.7,,
5.00E-05,0.239629179,0.07771153,0.001193756,0.160723895,24.42790604,0.005829662,5,50:34.7,,
5.00E-05,0.230726883,0.077996351,0.00109447,0.151636064,24.93960381,0.005839875,5,51:26.5,,
5.00E-05,0.241260767,0.082386337,0.001036404,0.157838017,24.78827667,0.005836946,5,52:18.3,,
5.00E-05,0.245989919,0.080270514,0.001054375,0.164665028,24.85816193,0.005852818,5,53:10.2,,
5.00E-05,0.242208496,0.078783609,0.001226147,0.162198737,25.32438469,0.005836526,5,54:01.9,,
5.00E-05,0.234746426,0.078971542,0.001034454,0.154740438,25.39532661,0.005830882,5,54:53.6,,
5.00E-05,0.238543928,0.082542919,0.001073956,0.15492706,24.64993477,0.005822852,5,55:45.2,,
5.00E-05,0.24423489,0.07875213,0.00110239,0.164380372,25.18524551,0.0058292,5,56:37.2,,
5.00E-05,0.235707209,0.07956671,0.001128845,0.155011654,25.32284927,0.005829953,5,57:29.0,,
5.00E-05,0.235140622,0.079647236,0.001135427,0.154357955,24.76208878,0.005830273,5,58:21.1,,
5.00E-05,0.231876403,0.079067715,0.001168988,0.1516397,25.1589756,0.005828994,5,59:13.0,,
5.00E-05,0.246520579,0.082904287,0.001144357,0.162471935,25.18784714,0.005828639,5,00:04.9,,
5.00E-05,0.254965663,0.087693311,0.001185362,0.166086972,23.87443542,0.005823622,5,00:58.6,,
5.00E-05,0.235383347,0.078933559,0.001111517,0.155338272,24.73665237,0.005830915,5,01:50.5,,
5.00E-05,0.242037892,0.083432943,0.00121306,0.157391891,24.37653542,0.005842688,5,02:42.2,,
5.00E-05,0.229356408,0.075071067,0.001173764,0.153111577,25.71278381,0.005847212,5,03:34.3,,
5.00E-05,0.229249716,0.079061188,0.001145092,0.149043426,25.22649002,0.005835669,5,04:26.1,,
5.00E-05,0.217189223,0.076373421,0.001093524,0.139722288,25.79835129,0.005822039,5,05:18.0,,
5.00E-05,0.242066056,0.089543544,0.001130035,0.151392475,22.65126419,0.005834116,5,06:09.5,,
5.00E-05,0.25238198,0.084597588,0.001066228,0.16671817,23.81170082,0.00584482,5,07:01.3,,
5.00E-05,0.24533087,0.079793118,0.001166731,0.164371029,24.74621201,0.00582711,5,07:53.2,,
5.00E-05,0.232339203,0.074581616,0.001098635,0.156658947,25.66362762,0.005825801,5,08:45.3,,
5.00E-05,0.23388344,0.076245733,0.001085107,0.156552598,25.78410339,0.00585518,5,09:37.0,,
5.00E-05,0.225303531,0.080200158,0.001248338,0.143855035,25.32249832,0.005839276,5,10:28.7,,
5.00E-05,0.240530938,0.080536649,0.001209009,0.158785284,24.91629601,0.005851928,5,11:20.4,,
5.00E-05,0.236719608,0.078146413,0.001183747,0.157389447,25.28738403,0.005841808,5,12:12.3,,
5.00E-05,0.231565416,0.080178484,0.001204291,0.150182649,24.92874146,0.00583151,5,13:04.0,,
5.00E-05,0.238845497,0.078833997,0.00116298,0.158848524,25.33860397,0.005845957,5,13:55.7,,
5.00E-05,0.240682915,0.084481105,0.001232151,0.154969662,23.91755676,0.005825649,5,14:47.6,,
5.00E-05,0.236750185,0.080823682,0.001167434,0.154759064,25.2099762,0.005827702,5,15:39.3,,
5.00E-05,0.24277097,0.082602657,0.001062339,0.159105971,24.4629879,0.005816977,5,16:31.1,,
5.00E-05,0.224440873,0.072586231,0.001104599,0.150750041,26.373909,0.005812513,5,17:23.0,,
5.00E-05,0.254324228,0.086402379,0.001089905,0.16683194,23.39275169,0.005833505,5,18:14.9,,
5.00E-05,0.239922374,0.079200186,0.001044958,0.159677222,25.34715843,0.005826741,5,19:06.8,,
5.00E-05,0.231265396,0.079409398,0.00106661,0.15078938,24.70725632,0.005835363,5,19:58.7,,
5.00E-05,0.243106514,0.075897373,0.00111838,0.166090757,24.61826515,0.005801761,5,20:50.5,,
5.00E-05,0.230283499,0.077755615,0.001211079,0.151316807,24.74838448,0.0058214,5,21:42.1,,
5.00E-05,0.237360135,0.080363944,0.001144869,0.155851319,25.11299324,0.005822411,5,22:33.8,,
5.00E-05,0.236177146,0.080927208,0.001073236,0.154176712,24.12280083,0.005852238,5,23:25.6,,
5.00E-05,0.230397046,0.079893857,0.001099765,0.149403423,24.8515358,0.005845932,5,24:17.5,,
5.00E-05,0.225983769,0.07298658,0.001103878,0.151893318,26.53715324,0.005859844,5,25:09.3,,
5.00E-05,0.23867923,0.082857832,0.001098074,0.154723331,23.6815815,0.005844279,5,26:01.2,,
5.00E-05,0.247941464,0.086310446,0.001356101,0.160274923,24.04863548,0.005825621,5,26:53.2,,
5.00E-05,0.225074619,0.072270252,0.001180085,0.151624277,25.95321655,0.00585014,5,27:45.1,,
5.00E-05,0.237803698,0.077144831,0.001190041,0.159468815,25.03975868,0.005825054,5,28:36.8,,
5.00E-05,0.235618651,0.080812715,0.001169268,0.153636664,24.23731613,0.005820787,5,29:28.7,,
5.00E-05,0.244593203,0.080131613,0.001164541,0.163297042,25.23387146,0.005828341,5,30:20.4,,
5.00E-05,0.224103391,0.075091034,0.00114524,0.147867113,25.81449509,0.005826026,5,31:12.2,,
5.00E-05,0.229223728,0.073678516,0.001123717,0.154421493,26.08211517,0.005813602,5,32:05.9,,
5.00E-05,0.249076173,0.078954704,0.001101336,0.169020131,24.83815193,0.0058163,5,32:57.9,,
5.00E-05,0.230386287,0.078838184,0.001146625,0.150401488,25.53300667,0.005830092,5,33:49.9,,
5.00E-05,0.255495638,0.085007161,0.001043338,0.169445142,24.23504257,0.005817496,5,34:41.8,,
5.00E-05,0.22670725,0.07715144,0.001111493,0.14844431,25.53699303,0.005811798,5,35:33.6,,
5.00E-05,0.230634212,0.082238607,0.001212603,0.147183001,24.55828476,0.005809476,5,36:25.5,,
5.00E-05,0.238601282,0.076387979,0.001142362,0.161070943,25.3904171,0.005814176,5,37:35.4,,
5.00E-05,0.234080434,0.077146024,0.001211261,0.15572314,25.06342697,0.005816017,5,38:27.4,,
5.00E-05,0.230668321,0.078873828,0.001114277,0.150680214,24.49990845,0.00583084,5,39:19.3,,
5.00E-05,0.233068392,0.082811862,0.001188367,0.149068162,23.55828476,0.005833775,5,40:11.3,,
5.00E-05,0.247947678,0.086041212,0.00115563,0.160750836,23.630476,0.005850689,5,41:03.0,,
5.00E-05,0.234771699,0.084638298,0.001129159,0.149004236,24.24243736,0.005859327,5,41:54.8,,
5.00E-05,0.242731959,0.081477568,0.001251476,0.160002917,24.4022007,0.005851585,5,42:46.8,,
5.00E-05,0.235065371,0.077026725,0.001158216,0.156880438,25.48113823,0.005849641,5,43:38.7,,
5.00E-05,0.240141362,0.076495998,0.001076575,0.162568793,25.12737083,0.005849666,5,44:30.5,,
5.00E-05,0.222418204,0.077536486,0.001212784,0.143668935,25.04328156,0.005833724,5,45:22.2,,
5.00E-05,0.2146267,0.071281888,0.00112267,0.142222136,25.60766983,0.005824574,5,46:14.1,,
5.00E-05,0.229092389,0.074789047,0.001146727,0.153156608,25.77767372,0.005808845,5,47:06.0,,
5.00E-05,0.227314815,0.073618799,0.001114336,0.152581677,25.83678436,0.005806676,5,47:57.8,,
5.00E-05,0.236538053,0.077136062,0.001111571,0.158290416,25.40968895,0.005824498,5,48:49.7,,
5.00E-05,0.230718896,0.076958895,0.001240774,0.152519226,25.3406105,0.005814697,5,49:41.5,,
